6
25
7
22
1
8
21
4
24
12
16
11
15
17
13
18
2
9
20
14
5
10
3
23
19
302
157
416
307
194
276
321
315
442
43
209
242
226
410
481
66
432
363
59
353
61
233
350
409
140
123
104
424
433
464
150
228
475
370
221
90
471
185
473
58
352
159
99
470
351
153
46
380
345
64
395
284
69
210
170
95
223
121
116
357
73
440
300
54
114
148
91
467
193
87
180
163
453
436
145
419
96
231
376
80
469
110
47
108
81
249
476
372
375
197
261
188
60
282
257
135
497
202
285
227
245
281
155
377
295
359
340
143
365
438
211
75
149
356
482
33
341
88
460
330
239
393
207
329
422
