12
13
14
25
11
3
10
2
22
1
4
9
6
7
24
21
20
16
19
17
23
8
15
18
5
150
488
133
65
303
247
223
162
160
102
486
461
153
266
426
58
384
381
286
183
262
320
70
174
296
315
219
470
53
364
299
114
190
478
308
176
75
366
439
41
346
330
383
352
355
458
449
132
49
235
284
451
74
328
222
40
43
456
417
179
57
418
337
410
200
178
205
264
321
302
407
248
279
324
149
400
154
90
261
142
185
181
27
372
430
115
83
392
293
257
87
311
466
353
397
54
93
250
480
341
267
369
380
61
350
377
393
112
405
89
251
196
96
318
35
241
271
332
448
290
314
234
141
107
304
365
494
482
305
403
109
378
147
95
347
73
226
192
240
146
204
497
158
55
385
221
446
129
203
491
