24
7
14
16
15
4
22
3
1
18
20
25
12
17
8
11
21
10
23
9
5
13
19
2
6
326
137
56
157
220
76
170
306
435
448
165
152
328
423
341
386
321
181
53
68
302
187
406
497
158
74
190
327
46
351
244
241
304
432
457
29
215
369
399
84
267
128
185
57
465
130
223
359
461
186
148
385
175
336
338
277
205
112
403
482
73
209
47
493
54
410
214
345
136
498
279
163
242
91
90
49
296
283
344
270
354
98
113
198
40
218
447
124
330
419
280
388
395
83
120
429
114
234
458
150
320
61
58
127
287
402
451
44
103
384
160
414
299
93
161
201
445
92
258
37
389
286
271
116
169
133
172
236
324
272
370
41
422
28
412
475
464
194
342
346
264
138
188
85
230
232
140
335
417
392
