2
20
8
17
25
11
23
18
7
21
15
9
6
4
5
13
24
19
16
14
12
3
22
1
10
340
59
159
289
250
255
362
96
401
489
201
384
458
399
230
465
179
361
40
324
282
58
271
447
380
450
114
288
365
339
310
177
360
388
171
376
411
30
248
125
349
262
92
71
57
294
386
488
449
330
272
454
451
385
295
246
33
74
478
222
133
279
299
485
378
198
164
50
471
216
144
180
120
486
431
352
498
181
195
56
226
487
39
332
387
258
480
210
405
334
215
479
27
483
84
225
418
261
78
237
444
303
88
408
70
55
372
167
283
368
153
118
448
395
188
341
134
235
103
268
108
46
417
138
286
239
148
197
233
430
178
345
397
31
257
68
63
143
214
82
243
141
52
439
337
390
429
363
145
263
162
484
466
44
218
393
211
371
367
203
47
398
212
160
80
456
79
270
499
436
149
240
253
358
314
