23
8
11
6
19
12
4
10
25
2
16
9
7
15
18
1
3
17
22
13
24
5
21
20
14
137
386
366
267
52
225
387
148
66
160
467
168
400
376
130
327
259
431
494
500
393
172
372
202
282
192
234
42
87
458
185
257
416
465
312
253
193
81
324
70
96
449
330
238
173
175
43
45
94
323
436
483
245
59
126
281
252
169
496
79
209
315
211
224
235
91
123
316
326
412
420
322
382
133
140
120
54
361
329
71
228
262
413
349
336
236
283
307
438
206
310
284
475
390
337
28
302
292
186
365
294
212
263
396
325
338
484
88
100
401
250
321
402
64
218
141
205
380
152
256
369
177
163
291
354
