9
10
11
17
25
18
16
7
14
20
13
23
15
1
21
8
5
2
24
12
3
4
6
22
19
28
136
342
238
454
497
400
462
156
431
254
85
116
114
471
401
167
162
240
37
422
269
464
451
415
366
348
360
252
196
432
453
496
66
166
253
485
163
189
270
266
267
418
95
180
63
416
488
71
148
325
234
26
444
363
390
295
123
308
100
59
500
65
327
76
81
272
484
480
49
54
208
120
383
399
259
438
204
255
356
132
289
176
226
44
385
334
142
79
45
164
96
346
93
207
394
275
77
319
341
68
90
282
368
251
70
258
106
458
419
231
223
300
64
87
60
379
42
111
491
130
436
345
92
172
150
61
405
119
244
478
477
185
276
482
279
153
475
91
39
499
384
139
237
448
222
440
494
200
58
236
278
108
69
372
122
286
323
315
209
404
284
311
492
107
396
469
374
340
86
174
479
473
216
317
