10
20
25
1
15
7
5
16
17
24
14
4
6
19
11
23
21
8
12
3
18
2
13
22
9
92
465
360
186
299
433
418
482
60
188
62
140
444
363
305
42
207
290
347
344
493
187
402
322
315
174
243
28
449
56
358
205
266
169
238
38
407
201
301
486
480
494
109
318
288
468
214
65
380
269
200
373
36
53
383
469
79
477
427
220
317
491
233
87
436
99
387
335
175
39
85
165
179
164
352
443
115
26
467
108
55
63
33
93
54
343
80
499
107
198
297
382
361
440
268
328
435
150
417
46
163
97
325
300
69
252
91
192
173
454
263
101
474
478
445
316
104
126
211
222
278
144
314
332
138
