13
14
12
1
2
6
3
25
11
10
9
24
22
21
7
20
4
23
17
16
18
8
19
5
15
181
494
133
183
381
308
405
160
267
58
321
320
95
223
41
150
153
266
102
251
35
426
142
447
328
337
302
179
355
293
146
217
162
219
154
27
299
70
65
439
43
247
49
446
296
378
491
390
53
176
324
304
271
174
489
188
132
470
286
64
54
367
397
170
261
383
297
357
476
420
386
73
280
433
90
205
180
200
119
365
364
339
322
485
248
398
126
497
213
185
373
484
418
468
451
369
372
370
96
478
241
400
303
380
115
279
392
393
75
107
245
350
202
376
404
488
473
131
257
416
436
317
401
467
288
260
196
250
32
106
341
55
284
46
340
347
263
235
457
172
480
198
445
334
215
318
244
207
83
287
