23
11
4
6
12
16
18
19
8
10
3
9
7
25
2
15
17
13
1
22
5
21
14
24
20
130
387
386
449
148
431
225
52
202
192
66
137
168
376
366
169
123
372
42
43
193
500
312
230
252
400
234
465
327
160
262
412
259
393
494
238
294
281
416
186
224
324
483
235
329
209
120
205
241
245
380
94
436
185
96
282
349
250
336
173
420
315
316
365
103
59
112
87
211
140
107
158
228
401
39
119
263
390
369
467
310
175
163
47
126
257
56
256
50
267
413
88
330
198
187
276
84
206
292
71
236
179
496
114
489
382
172
322
438
307
176
70
54
321
81
288
361
484
151
396
133
40
277
325
136
291
218
430
85
297
302
456
402
337
347
239
29
222
246
476
403
493
326
217
422
354
338
65
261
212
