7
21
19
3
17
24
18
2
16
13
10
22
8
4
20
9
15
11
25
14
23
12
5
6
1
470
43
365
332
196
268
127
206
34
467
461
104
252
108
191
499
412
162
361
140
417
187
493
98
226
277
167
297
271
483
251
242
241
476
58
420
478
334
366
135
353
473
227
496
156
335
210
313
57
468
471
330
189
237
113
466
439
459
149
50
118
173
405
284
469
65
151
207
255
166
216
487
158
112
103
133
250
357
200
296
347
199
154
362
116
183
77
218
96
174
447
79
256
376
100
86
131
55
244
338
341
165
240
318
27
320
197
381
54
74
70
356
84
170
281
431
369
231
213
46
64
492
76
181
126
134
415
477
110
404
36
245
221
414
416
392
283
159
427
460
123
269
273
261
193
45
285
209
398
92
