12
2
9
1
22
7
8
10
15
21
24
13
17
19
18
11
4
6
14
23
16
3
25
20
5
500
197
44
439
456
371
498
423
219
369
232
404
401
252
466
356
496
238
454
273
292
476
335
385
163
166
104
120
150
473
393
357
112
408
125
31
445
432
411
186
364
77
483
139
29
47
492
178
255
245
321
201
157
422
343
374
26
294
140
107
259
33
71
442
165
116
279
318
299
263
118
61
126
257
40
253
179
209
365
333
216
481
78
82
372
440
221
162
415
28
360
282
34
495
223
169
117
199
35
280
453
313
106
247
373
425
479
266
340
92
387
79
260
99
194
450
86
123
234
46
491
354
188
316
363
