2
16
8
11
15
12
24
25
22
7
21
6
17
4
5
18
3
10
23
19
1
13
14
9
20
237
30
143
106
205
262
308
499
490
251
498
276
128
100
494
374
200
450
229
460
211
470
394
351
347
63
414
419
147
425
156
207
420
476
304
313
433
481
187
89
55
314
108
190
495
145
34
255
272
456
217
117
76
265
93
254
283
471
360
173
102
480
181
81
160
317
368
277
83
375
252
186
367
79
388
125
176
68
26
285
297
312
216
385
309
281
404
346
369
182
424
162
376
354
411
189
195
171
387
269
298
224
188
444
129
101
191
235
234
42
88
475
241
348
202
141
82
56
445
349
381
53
126
213
468
340
449
421
199
301
28
492
408
333
270
227
153
185
397
123
377
263
133
451
275
228
99
336
295
221
