7
15
11
25
13
6
9
16
24
4
22
14
20
1
18
8
21
23
12
10
3
19
2
5
17
307
190
325
236
279
348
286
302
353
462
69
414
235
258
299
81
240
203
193
230
434
433
262
292
134
340
454
343
420
400
186
253
107
110
217
406
117
364
295
220
351
327
415
36
312
227
447
490
451
301
474
260
195
303
294
471
372
296
317
79
209
413
379
182
361
269
280
65
96
306
229
214
125
274
393
255
100
344
390
58
178
324
375
63
241
333
226
32
185
436
388
158
475
254
231
176
52
263
70
74
207
323
339
212
204
429
314
394
245
113
87
147
366
250
101
395
237
352
71
273
418
392
408
168
239
120
467
99
276
398
129
234
201
480
402
376
200
332
309
194
347
149
170
103
26
219
197
485
161
86
