16
23
6
18
25
22
10
11
8
19
4
2
1
12
3
13
14
24
21
15
5
7
20
17
9
356
351
203
283
145
320
418
421
71
339
58
193
180
207
73
226
199
403
192
182
264
208
343
313
396
446
449
303
153
59
398
439
69
285
64
234
62
150
250
99
378
453
415
158
444
236
344
397
66
68
107
498
67
465
433
288
424
111
272
413
128
425
375
359
149
162
304
258
307
57
395
483
409
430
312
123
38
233
408
216
70
260
435
463
116
61
121
407
181
184
140
388
41
244
267
188
154
355
484
43
297
101
151
278
347
495
327
200
330
51
399
104
372
242
241
94
328
364
88
39
86
205
138
163
476
