22
14
16
3
4
7
6
1
13
12
11
10
23
9
21
20
17
5
19
24
15
18
8
25
2
147
473
215
467
119
144
280
488
495
324
399
241
169
81
305
196
184
498
331
292
378
44
391
79
203
246
225
358
30
207
400
136
323
229
85
313
178
296
404
139
261
386
75
106
414
159
244
39
137
163
287
409
252
472
411
333
389
279
59
112
437
206
342
115
94
36
344
118
116
111
489
29
65
361
161
145
413
451
385
183
128
134
350
141
266
362
381
235
397
432
461
327
364
53
88
271
448
130
129
351
103
375
299
47
282
486
289
199
347
446
49
73
70
433
380
214
255
419
251
140
283
146
452
208
436
444
374
127
270
475
273
412
341
61
310
74
462
100
249
402
274
447
135
478
487
55
177
45
107
150
460
326
220
247
390
315
165
336
157
455
102
453
312
265
71
435
186
398
474
187
66
268
195
379
101
