10
5
25
12
13
2
20
21
6
1
18
11
14
4
17
8
3
22
9
15
23
19
16
7
24
355
178
84
224
359
122
392
303
239
220
290
295
284
357
211
256
162
262
120
339
272
159
259
476
192
62
500
304
302
323
448
351
66
64
467
341
167
114
419
353
210
43
179
47
332
235
222
408
498
148
345
245
480
271
121
82
436
212
33
76
221
186
330
125
58
247
156
470
301
444
478
165
417
378
172
164
158
462
95
142
317
446
59
375
206
28
195
309
363
365
423
135
333
281
400
197
266
32
452
277
46
411
49
193
487
286
69
65
263
442
324
107
396
85
435
200
252
60
336
299
35
466
308
465
180
228
48
316
405
439
74
80
490
217
91
160
260
255
155
460
430
37
484
306
486
305
73
380
424
38
