7
21
1
11
5
16
15
8
9
24
3
22
13
19
18
6
10
17
4
2
25
12
14
23
20
182
469
329
312
152
383
400
63
253
462
56
276
249
67
448
133
162
218
263
242
472
202
101
76
492
395
326
456
197
425
377
203
494
443
287
166
58
393
445
137
239
333
219
435
48
391
107
320
79
455
100
173
111
149
138
342
430
388
421
116
413
437
178
47
471
269
420
52
169
32
442
195
163
147
350
453
126
476
64
36
171
457
280
83
493
423
454
356
68
123
461
145
366
135
495
84
310
402
298
55
176
418
130
345
118
226
288
486
77
69
106
458
407
128
349
335
61
40
419
357
245
444
39
91
161
372
174
73
257
29
424
360
403
279
355
193
196
338
160
315
328
62
382
337
134
41
244
110
216
422
