10
20
25
16
1
15
5
14
8
12
3
24
17
4
11
23
7
21
19
18
9
13
2
6
22
465
188
384
92
201
363
290
305
252
39
299
480
269
174
440
266
186
499
109
79
355
38
179
99
387
444
281
361
433
60
385
418
33
373
214
376
484
173
301
347
491
489
372
56
88
309
352
311
53
445
238
259
62
494
443
316
303
335
368
478
147
402
169
411
246
141
435
343
300
245
441
154
210
325
31
358
469
472
80
495
28
407
482
85
219
242
114
497
230
306
383
481
334
318
122
344
75
162
328
380
54
87
360
249
104
268
317
496
93
101
296
487
287
468
58
367
359
232
279
357
163
417
107
187
40
197
308
133
450
167
313
127
412
26
100
400
244
267
429
282
106
176
224
200
212
36
42
474
304
382
414
493
59
140
132
454
198
297
207
330
477
462
205
377
419
485
110
211
204
146
65
227
258
157
333
