2
13
12
10
25
11
1
14
21
6
24
22
20
7
23
4
9
17
19
3
5
18
8
16
15
153
70
58
320
89
317
160
405
355
223
188
346
57
458
41
133
296
149
378
322
303
266
350
279
311
267
93
43
381
488
461
150
190
470
176
49
403
146
120
442
247
121
275
214
373
334
274
449
198
459
390
485
280
162
448
308
102
417
494
99
385
314
353
304
489
284
324
289
357
39
404
328
174
113
467
257
337
392
339
179
397
47
215
54
142
124
439
139
209
407
321
65
412
384
178
235
372
40
271
171
433
460
193
248
476
249
418
74
45
46
252
183
426
75
347
430
250
299
451
479
365
189
204
486
333
447
181
32
364
115
180
141
128
245
129
218
497
85
293
205
200
491
318
63
140
72
241
287
192
340
134
164
96
345
82
386
276
410
114
341
80
221
73
229
225
130
369
76
480
429
258
437
316
233
411
