21
24
3
17
2
19
10
16
13
4
23
18
9
25
11
7
8
14
15
20
22
1
5
12
6
104
65
43
172
162
197
334
237
246
126
332
183
483
469
493
242
226
463
466
161
122
277
108
318
98
341
113
88
313
55
217
467
196
289
366
315
378
112
388
200
296
365
417
327
251
349
461
499
151
206
221
79
473
213
376
436
415
110
173
476
244
427
471
133
347
57
421
404
140
45
357
227
329
156
50
355
462
100
264
96
420
36
457
222
191
361
127
54
383
58
199
405
210
410
250
330
261
486
93
281
34
412
233
268
431
157
239
78
106
231
273
123
86
478
297
170
149
403
414
252
257
167
470
489
192
