24
15
8
9
19
6
7
17
1
3
23
14
2
16
13
21
10
12
25
5
4
11
22
20
18
369
466
377
159
428
78
264
170
232
234
462
225
124
288
119
345
295
38
140
414
130
265
49
66
80
121
284
276
113
376
268
46
272
474
235
84
97
158
193
473
320
269
226
42
364
100
430
243
137
74
197
120
223
491
274
445
227
86
323
206
403
179
238
297
69
483
47
344
308
164
431
237
365
213
386
194
220
219
283
312
311
356
366
381
147
262
32
469
252
29
192
218
455
400
326
59
404
439
75
299
260
472
291
282
169
390
294
65
174
342
56
341
370
500
279
186
195
263
187
167
492
479
70
184
51
