18
6
13
17
8
22
25
15
20
14
16
10
1
4
5
11
19
23
9
3
12
24
7
21
2
164
392
176
92
177
204
255
183
342
414
297
455
427
68
383
354
375
104
61
129
165
219
442
356
34
327
178
308
433
137
498
191
118
195
51
62
161
279
212
341
151
389
45
230
235
376
267
325
329
292
40
202
52
254
171
326
71
70
481
185
373
371
65
247
173
91
213
56
243
446
37
258
339
244
307
298
411
199
294
114
251
344
420
328
378
30
367
348
472
281
75
228
84
72
117
458
252
273
234
149
485
290
88
49
276
310
245
28
454
295
159
83
336
153
85
482
98
123
484
58
317
106
181
54
141
466
393
407
69
465
394
111
406
352
453
496
473
403
351
87
380
477
397
409
314
150
50
109
132
400
