6
25
8
1
24
12
4
18
21
22
15
16
7
20
9
11
13
10
14
17
5
2
3
23
19
157
276
242
302
227
307
66
353
209
226
363
321
410
416
155
163
43
388
317
432
350
475
114
228
357
123
277
69
194
315
393
351
80
121
352
58
295
424
481
150
497
202
380
186
159
345
210
244
180
47
453
214
442
140
233
395
368
414
231
132
376
422
112
170
436
419
75
99
116
102
372
164
59
148
211
477
108
245
135
476
67
337
68
225
90
82
88
167
304
433
285
64
95
438
35
193
391
300
52
104
149
375
87
349
100
370
73
470
464
361
280
213
458
257
281
279
172
473
340
198
187
267
251
364
54
134
268
356
92
46
217
71
174
96
37
206
201
282
84
196
429
329
459
469
365
500
91
426
89
360
