7
18
4
24
14
16
15
22
3
12
8
10
1
25
20
23
9
11
2
5
21
13
17
19
6
326
170
56
341
137
68
165
406
148
497
435
157
76
306
130
220
386
338
321
448
46
345
158
328
187
432
53
388
181
73
186
423
277
351
461
190
344
90
74
399
493
296
54
447
152
128
267
384
320
223
385
29
218
161
241
84
172
163
302
198
457
327
465
283
215
304
175
160
185
98
37
49
359
403
370
244
498
47
287
410
491
369
496
57
371
395
82
40
242
113
258
429
336
279
270
214
361
419
103
286
136
58
44
368
91
324
234
112
209
451
330
169
205
142
200
124
389
93
354
271
284
92
41
299
114
207
482
116
88
150
201
120
83
253
176
173
272
414
127
392
118
280
422
61
236
458
30
319
233
281
442
26
133
412
402
445
301
334
433
475
264
138
424
232
415
104
275
39
342
459
487
500
239
134
290
