24
22
18
20
14
25
16
17
23
1
4
3
7
15
8
21
10
9
12
6
19
11
13
5
2
185
210
232
372
366
415
257
178
113
262
191
158
332
429
401
355
267
335
400
334
295
294
356
268
371
327
105
195
443
413
161
59
337
40
108
80
500
159
47
142
277
137
387
454
453
123
230
437
353
330
46
436
140
449
154
331
208
118
329
258
139
188
72
349
114
87
150
362
117
145
494
245
498
141
129
97
225
428
374
417
63
446
275
49
305
28
68
111
350
66
322
95
121
112
457
209
110
233
39
205
431
27
339
320
48
306
423
472
224
169
308
333
61
165
134
468
301
60
181
116
279
107
309
119
153
