23
16
6
10
22
18
19
25
4
2
11
8
3
24
13
14
5
1
12
20
21
15
7
17
9
416
199
208
226
285
73
356
242
403
216
303
162
203
111
420
283
372
453
398
180
247
449
123
465
396
381
154
320
192
339
197
378
107
244
145
64
377
375
498
304
313
71
149
128
104
278
494
351
395
225
483
439
182
430
99
193
307
66
250
425
423
413
163
463
56
207
500
343
195
415
234
376
272
109
387
330
328
421
141
462
299
57
158
212
101
301
359
294
78
241
446
236
62
38
267
68
264
138
419
417
364
469
354
153
316
418
368
116
399
260
344
288
323
444
397
121
81
358
175
72
296
150
476
94
407
335
393
408
198
388
30
100
70
58
362
310
424
255
61
43
110
353
249
324
217
464
409
221
179
181
55
188
389
355
282
32
69
86
400
455
41
297
435
148
471
319
348
233
433
36
87
486
60
460
258
