12
2
22
1
9
24
17
10
7
19
18
11
4
8
6
14
21
13
15
23
16
3
20
25
5
371
356
252
500
335
496
29
498
232
44
241
273
166
125
404
439
104
445
456
393
299
357
369
423
165
139
116
99
150
247
292
140
401
219
77
238
163
112
197
432
483
476
440
186
282
47
454
321
333
250
120
179
414
425
169
422
453
107
255
473
495
162
492
466
71
364
259
442
70
306
380
40
471
26
313
280
374
385
487
408
411
343
84
294
481
172
468
365
257
318
201
245
61
33
221
275
360
157
387
126
178
472
31
92
311
373
210
199
149
450
491
266
260
284
106
27
417
377
123
354
263
117
428
101
41
