8
20
25
21
6
17
12
18
23
14
4
5
19
24
11
22
15
9
2
16
13
1
7
10
3
255
340
465
447
362
271
339
201
360
489
324
499
180
286
289
478
197
179
368
178
30
441
120
195
361
114
283
230
387
74
226
57
44
33
471
458
376
294
411
486
282
479
330
203
198
92
365
467
500
261
408
453
248
162
78
439
341
118
59
451
88
138
385
295
337
288
310
393
250
436
442
430
212
240
297
145
58
498
388
225
299
446
262
372
316
125
253
346
301
401
119
477
215
292
444
107
410
246
429
134
296
384
216
156
141
142
140
47
314
333
352
237
268
56
332
480
218
36
450
63
355
336
386
210
349
188
488
68
397
86
55
334
91
214
415
61
153
398
222
399
233
378
34
320
476
497
263
135
300
449
