22
11
24
5
23
8
2
16
12
3
1
7
18
17
21
15
19
4
6
25
10
20
13
9
14
211
360
108
34
420
276
30
499
202
351
387
298
368
143
205
187
452
128
348
123
414
191
190
81
443
99
181
251
470
374
63
186
260
237
115
450
265
377
306
208
117
291
244
84
273
459
224
173
210
188
52
308
169
313
68
102
275
498
272
280
26
228
148
227
358
480
343
163
425
268
56
277
162
252
408
471
449
83
217
156
100
490
262
419
93
495
314
316
250
295
369
229
82
460
182
485
332
219
129
376
201
331
189
101
196
481
185
372
433
40
349
411
147
223
144
215
207
271
42
67
106
289
234
29
394
199
222
304
235
76
492
435
122
474
120
297
384
125
59
305
366
312
240
55
476
456
475
487
264
427
309
285
171
441
327
216
140
451
353
447
378
494
258
158
367
160
279
286
69
335
405
284
89
363
126
