8
17
5
20
7
10
25
19
11
23
9
4
12
15
22
13
18
6
21
16
1
2
24
3
14
150
226
103
68
413
398
127
328
108
70
399
96
44
408
61
375
190
434
445
227
412
468
52
128
391
407
304
233
253
273
291
87
457
257
496
425
161
98
448
133
355
406
228
218
204
235
327
75
237
290
404
393
357
72
334
69
400
377
388
234
194
140
347
455
260
263
343
472
325
450
67
338
470
288
85
259
324
435
453
156
359
36
463
469
316
431
138
336
145
196
481
289
349
164
303
322
287
271
212
101
392
370
266
142
95
389
48
126
385
488
211
305
201
106
118
333
73
436
274
495
353
222
123
456
80
208
272
438
489
498
478
363
175
134
29
177
84
326
352
219
300
112
482
340
344
30
386
491
47
477
