25
16
10
21
11
5
7
8
13
1
14
23
15
24
20
4
3
17
22
6
9
12
18
19
2
471
407
362
162
399
434
257
478
437
119
394
441
489
372
477
146
73
40
337
249
222
305
414
402
497
263
242
338
442
483
47
384
279
311
376
472
188
195
390
292
487
113
348
240
212
172
439
140
410
294
226
346
185
382
46
133
397
159
270
446
385
271
468
276
53
454
81
107
248
244
247
120
365
148
230
137
127
100
282
307
327
181
30
48
445
101
388
210
285
481
480
431
470
363
417
302
464
72
273
360
391
208
406
65
45
422
37
149
260
87
78
142
416
355
482
449
175
180
423
163
267
350
235
141
139
371
128
352
459
197
314
389
138
202
186
54
366
291
51
126
166
156
375
189
161
299
214
49
234
409
