18
24
23
20
22
14
15
7
25
16
1
4
21
17
10
11
8
9
3
19
6
5
12
13
2
178
262
232
415
337
500
158
185
210
449
305
401
225
366
335
443
454
372
28
332
437
111
39
113
327
334
46
161
257
356
80
275
400
268
59
47
371
108
191
374
446
224
159
308
238
188
267
87
100
60
93
468
169
387
95
294
181
423
134
40
71
142
66
417
329
369
123
117
208
303
418
496
453
380
143
110
61
48
248
150
425
494
112
295
413
49
343
195
68
482
306
216
258
141
217
429
202
233
297
211
373
491
314
174
350
76
427
176
207
42
279
349
230
239
79
310
99
155
284
464
304
245
377
440
457
