10
2
22
1
3
21
11
8
18
25
12
23
7
6
14
16
24
5
15
13
4
9
20
17
19
366
389
224
111
340
212
323
265
178
286
204
119
448
457
432
303
107
189
169
404
314
485
490
106
257
295
414
281
69
365
297
442
89
395
361
453
223
317
428
325
380
467
328
454
245
484
105
468
397
284
301
408
237
27
113
179
274
202
300
382
500
375
311
164
148
116
227
343
196
54
34
236
208
36
390
235
210
103
183
228
497
252
161
383
402
187
211
130
150
463
403
296
102
440
394
488
393
464
132
73
176
92
182
104
280
95
465
412
498
41
369
242
372
115
379
336
415
240
371
44
282
400
219
170
63
306
135
260
247
299
82
293
42
61
264
171
424
269
294
396
289
76
84
46
416
275
31
410
93
125
