23
11
4
6
16
19
25
18
8
12
10
7
2
9
3
13
5
22
15
1
21
17
20
24
14
130
225
148
387
386
66
202
372
431
449
235
137
234
169
168
400
312
192
123
494
366
465
160
393
380
193
43
209
245
252
376
42
281
238
94
267
52
173
186
329
324
416
365
336
327
87
259
228
330
211
401
500
496
224
163
47
59
175
436
126
262
310
349
282
412
198
390
119
369
316
315
257
205
292
250
276
438
361
206
475
179
85
307
88
120
40
96
79
172
483
323
103
385
321
456
493
322
256
476
176
447
403
218
236
84
402
71
277
294
413
185
81
347
467
374
151
29
382
263
45
326
334
302
28
133
338
325
158
239
54
70
124
350
107
391
112
291
453
396
230
354
253
83
383
285
364
140
284
420
241
358
91
39
411
306
388
212
246
35
187
56
50
489
352
41
213
127
405
430
117
65
435
114
303
275
