25
16
13
7
11
8
10
5
21
1
14
23
15
4
3
17
24
20
22
6
12
9
18
19
2
394
40
399
257
471
337
362
437
407
414
222
483
305
146
372
441
292
188
244
472
162
73
434
119
385
391
489
402
212
382
240
172
271
338
497
100
311
142
249
477
113
226
270
439
82
99
127
47
140
276
263
120
248
327
195
464
392
247
185
78
137
375
376
348
160
397
230
384
355
410
180
51
48
388
365
273
148
416
110
37
454
66
81
291
53
282
210
389
423
363
138
460
175
446
481
208
279
71
235
431
87
307
133
141
371
203
45
149
360
224
88
468
398
406
54
314
373
417
72
299
181
52
131
94
125
