14
10
21
25
2
12
11
20
13
9
7
15
18
23
3
5
16
19
1
4
22
17
24
8
6
445
100
442
184
258
492
230
167
61
239
154
315
168
354
45
425
298
75
44
451
275
402
225
348
472
500
397
296
219
278
172
56
186
34
306
135
63
490
273
365
158
185
483
161
99
411
250
307
441
331
189
479
463
358
499
122
464
340
435
196
139
392
418
421
92
55
31
98
193
39
30
330
407
51
393
308
400
468
60
120
58
69
165
359
399
170
349
424
128
311
328
469
379
93
385
191
77
453
280
414
257
123
43
40
143
327
484
121
201
395
244
209
206
420
369
28
389
130
326
151
199
106
428
301
27
482
203
461
353
97
401
54
152
33
366
57
465
294
182
26
163
125
215
289
214
213
347
202
459
338
