11
7
15
4
6
14
16
25
18
21
24
1
9
20
8
12
23
13
22
10
2
3
5
19
17
429
279
43
36
307
186
295
253
65
366
317
406
240
420
204
110
333
348
375
193
236
353
414
107
477
262
203
173
299
390
286
361
190
52
400
471
235
451
379
245
134
344
195
306
226
325
364
357
161
267
207
229
58
351
158
257
234
125
454
436
462
47
388
185
79
403
389
444
292
294
490
74
237
302
191
220
398
247
101
296
274
324
413
340
132
303
147
323
151
69
175
269
433
496
155
474
230
26
455
182
332
209
194
255
500
67
258
434
393
87
466
415
205
260
280
46
484
184
450
231
290
418
378
485
327
