8
20
21
25
6
23
17
12
18
4
5
14
19
2
22
24
9
15
13
11
16
1
3
7
10
255
340
179
339
271
499
362
324
447
57
465
114
360
226
289
478
368
286
178
282
361
299
74
489
441
201
180
33
92
479
203
30
195
436
44
471
59
376
486
453
120
387
210
372
250
230
411
365
385
408
296
136
283
295
158
261
330
500
78
401
88
197
145
430
162
58
336
410
467
294
458
198
480
288
238
212
225
451
498
439
140
442
310
237
446
246
327
262
393
138
240
47
215
216
429
218
134
118
341
346
349
68
141
36
386
444
253
125
403
334
292
248
352
333
332
142
107
337
388
398
56
378
477
161
268
188
71
316
200
325
384
259
404
297
156
34
119
301
91
355
73
135
449
497
450
86
64
231
367
303
314
55
397
418
214
96
405
493
160
448
280
39
124
132
32
97
63
263
488
320
223
318
222
476
31
