8
5
1
3
12
11
20
25
21
24
10
17
14
2
15
18
19
22
4
9
23
6
16
13
7
373
319
227
395
300
481
271
278
79
320
248
420
437
131
405
257
493
243
157
434
241
483
374
203
372
206
113
370
168
207
396
59
489
291
254
468
94
204
328
267
283
143
491
401
369
119
50
48
421
282
264
214
484
464
232
190
65
345
426
415
307
402
473
209
163
480
323
478
371
495
385
228
176
411
45
95
487
377
498
142
399
488
265
185
422
406
335
330
357
71
165
363
105
327
326
428
252
249
246
416
141
236
78
179
137
455
382
91
164
74
60
58
496
353
376
305
61
342
38
497
199
469
398
183
110
169
55
221
343
445
153
456
189
237
197
359
97
297
356
272
477
366
235
375
63
446
88
344
354
412
318
447
414
274
312
299
180
92
347
135
417
440
256
460
381
332
35
459
155
439
301
392
76
454
126
