14
4
12
3
23
17
6
2
8
15
7
21
13
20
25
22
9
24
18
11
16
5
10
19
1
183
27
288
362
87
63
222
245
197
229
123
116
104
174
419
413
141
72
55
372
443
383
220
28
347
441
175
408
146
144
303
375
267
390
151
397
137
130
380
29
207
306
198
188
412
359
475
305
155
458
468
236
204
370
453
254
35
295
429
342
317
134
356
159
169
235
77
467
377
43
472
128
154
490
221
192
121
394
310
165
272
479
444
36
474
162
465
445
495
449
386
325
393
224
184
451
120
344
319
217
382
166
233
127
143
409
387
164
313
93
56
208
95
341
76
50
177
496
239
48
431
447
250
44
248
423
421
153
57
371
332
41
326
274
302
291
179
111
219
333
278
417
73
109
484
92
238
80
497
407
