2
22
10
13
21
6
1
8
11
20
17
14
9
15
5
24
3
7
23
19
25
12
18
16
4
265
212
389
404
498
111
448
224
284
366
297
178
179
119
286
340
293
387
113
69
361
500
223
467
453
390
282
213
488
148
325
130
36
183
317
281
454
365
497
211
176
432
323
295
235
252
132
189
314
294
210
449
196
216
412
192
490
34
469
380
343
363
164
103
397
464
232
332
102
447
300
42
257
31
403
311
227
442
243
203
306
401
336
77
41
372
466
105
408
208
165
204
364
414
322
82
217
468
275
369
455
170
368
272
46
250
61
420
395
173
241
150
92
237
429
402
301
400
27
299
405
396
93
52
79
274
182
238
358
473
219
139
424
418
116
428
304
247
44
236
450
494
54
303
456
463
451
285
271
309
