18
17
13
23
22
4
8
25
1
20
6
16
14
19
10
11
15
9
7
3
5
12
24
21
2
392
297
61
164
68
455
185
176
177
342
427
433
327
446
204
308
62
165
151
414
356
52
228
376
51
354
481
267
118
144
114
498
92
279
422
329
183
202
258
64
375
45
88
292
339
370
326
257
86
191
336
219
276
34
58
84
453
85
466
72
178
247
50
199
307
171
161
65
325
442
406
49
344
56
254
213
75
418
235
137
371
37
298
243
39
383
104
141
367
380
230
70
389
91
328
411
351
109
420
341
286
434
438
181
310
294
424
338
485
451
412
245
290
166
98
255
373
369
28
477
352
223
244
71
123
