3
10
19
21
15
13
6
20
22
16
17
25
4
24
12
18
7
5
11
9
8
23
14
2
1
137
420
230
359
104
328
350
134
357
190
293
463
377
441
500
132
145
140
339
418
100
57
56
464
466
243
442
312
139
351
304
223
450
276
123
305
469
174
429
314
474
363
186
409
388
476
28
438
334
73
34
447
129
194
52
389
83
308
347
99
413
311
160
131
367
76
236
183
146
209
483
161
227
29
496
317
107
329
283
371
229
206
150
167
368
95
162
290
219
392
205
38
208
90
93
125
477
149
250
366
272
352
307
142
188
361
408
313
26
181
310
439
70
40
264
154
178
91
468
492
175
136
402
306
385
185
494
335
232
135
279
353
478
198
235
414
94
372
379
270
163
165
277
456
156
427
473
130
171
415
370
278
419
265
60
255
301
84
124
297
491
158
395
118
42
341
46
126
331
423
61
67
470
179
431
