21
11
24
8
7
1
5
9
16
15
22
18
3
19
6
13
17
25
2
10
14
4
20
12
23
469
182
152
249
400
445
448
242
166
101
137
349
312
73
455
63
413
421
325
163
329
116
443
442
219
133
263
36
435
472
383
32
424
395
83
276
218
425
110
374
58
257
100
169
79
287
493
197
138
320
111
47
162
492
436
216
326
342
420
67
388
462
461
149
56
333
76
104
135
202
106
253
91
418
403
203
226
39
430
338
468
393
107
471
48
168
123
145
356
310
77
284
350
391
171
69
136
130
84
245
366
499
323
382
377
475
71
75
126
476
210
41
239
211
268
360
456
99
328
486
158
128
402
341
371
453
178
78
280
132
437
40
55
407
340
464
423
406
160
62
250
454
419
221
278
30
161
372
494
298
173
281
61
335
457
174
361
187
355
359
293
444
52
345
70
155
357
118
296
446
269
68
490
337
142
