23
4
11
6
9
18
19
25
8
10
12
16
7
1
3
15
5
13
24
2
21
22
17
20
14
130
148
386
387
225
431
366
66
372
202
252
192
235
169
393
416
137
315
52
500
467
250
160
87
449
126
327
43
312
175
179
123
186
94
71
168
198
400
436
238
380
324
494
401
458
188
42
29
382
330
484
245
420
257
294
396
163
337
185
310
281
209
236
79
84
390
364
376
96
54
282
365
413
483
465
234
211
412
224
334
262
47
383
205
336
140
259
256
438
133
411
119
120
316
325
367
456
283
430
276
323
81
59
100
158
405
402
496
476
349
369
391
70
263
85
228
267
103
329
176
352
347
277
363
206
173
297
307
361
88
408
322
165
493
453
292
462
301
138
212
291
91
40
321
217
218
338
422
253
39
112
69
288
64
177
305
161
435
152
114
311
172
239
136
247
151
302
48
141
378
65
295
472
489
269
