5
7
17
12
10
15
8
9
20
19
25
23
4
11
22
16
2
13
18
6
1
14
3
24
21
393
150
235
257
127
464
87
385
68
119
218
103
124
226
455
233
413
41
328
438
492
253
234
48
481
239
408
400
156
30
106
289
477
227
377
190
178
204
349
146
404
138
425
359
199
194
96
247
184
140
294
300
466
469
457
498
99
67
463
468
431
391
176
327
435
290
69
52
128
407
458
347
126
355
100
108
482
301
340
286
220
364
169
370
118
389
265
70
136
43
112
341
388
206
98
336
345
215
303
232
372
493
198
291
339
237
434
189
161
183
478
441
288
324
298
84
133
472
107
63
61
101
382
437
75
430
81
102
35
179
352
276
211
448
436
419
200
142
317
44
264
406
304
164
175
83
242
459
36
451
