15
13
7
22
24
14
25
17
18
1
8
20
19
16
3
9
23
10
12
11
5
6
4
21
2
306
220
76
271
336
157
53
327
267
341
85
402
435
392
218
369
326
277
205
412
244
280
403
223
328
386
114
163
130
429
80
29
49
436
175
242
187
84
496
457
57
384
321
185
98
90
56
324
304
91
152
113
165
287
170
83
345
493
93
31
419
445
44
414
385
288
47
214
272
28
40
368
423
351
192
443
74
150
103
455
153
410
234
209
250
432
194
190
302
232
296
275
102
46
162
344
406
54
101
158
461
241
497
485
424
342
112
422
389
81
137
160
393
30
320
305
248
121
148
299
255
444
124
482
330
395
451
186
215
359
268
323
169
200
325
448
236
26
309
58
159
201
140
92
239
354
173
408
374
226
