1
21
9
6
22
16
7
19
24
12
2
10
18
4
15
20
3
5
23
13
14
11
17
8
25
221
231
214
456
435
423
414
473
416
308
246
459
426
220
454
48
366
187
72
149
472
498
403
143
183
412
250
51
31
405
433
107
248
314
232
52
55
98
227
181
303
448
213
245
254
53
322
256
147
179
331
93
336
156
311
419
263
452
150
38
242
425
30
161
481
186
475
393
418
482
323
26
301
197
259
40
102
471
495
480
338
391
75
172
309
394
235
374
320
184
212
206
413
185
399
464
136
110
369
178
439
126
163
335
146
191
365
318
240
62
203
332
401
468
390
334
451
116
279
228
141
460
341
216
410
113
437
78
94
45
244
385
304
76
167
91
82
354
219
151
92
208
402
275
67
315
359
345
47
443
106
34
104
441
201
177
223
458
236
282
350
69
476
430
60
319
193
58
80
371
363
484
71
129
222
