22
15
10
13
24
7
14
25
19
1
9
3
20
8
4
18
16
11
12
5
23
17
21
6
2
435
327
445
496
187
403
328
152
130
336
392
306
85
115
280
302
436
220
137
277
47
287
76
368
170
304
165
351
44
74
80
241
271
457
223
57
53
218
153
341
84
161
296
386
56
242
267
461
402
369
419
29
157
412
31
205
30
389
297
396
497
324
91
148
98
359
244
142
49
326
102
118
101
81
128
197
443
273
181
54
215
40
493
175
185
190
289
279
114
320
227
158
275
410
321
322
162
489
192
429
163
424
344
119
423
299
61
230
172
124
345
28
395
354
272
113
498
160
447
288
384
323
234
485
193
233
330
198
451
464
209
342
283
90
133
255
46
455
58
385
301
281
150
253
399
349
378
140
414
159
