17
18
13
25
14
22
23
6
4
8
20
1
15
10
16
5
3
7
12
19
21
9
2
11
24
392
165
204
297
176
342
327
308
375
433
185
183
455
414
376
328
52
177
61
39
202
91
68
118
481
50
199
104
422
244
442
270
344
279
34
329
45
161
367
62
339
228
247
171
191
384
427
129
498
446
418
257
354
373
451
267
28
305
420
37
137
326
370
56
320
85
219
276
497
466
114
341
353
380
141
117
303
351
92
54
411
475
389
290
310
482
348
229
383
325
123
132
35
438
397
260
496
146
41
254
448
491
58
88
64
72
336
245
488
338
429
363
223
286
234
281
271
69
409
250
239
486
173
126
378
