18
23
20
22
24
7
14
1
25
4
16
15
21
6
10
8
3
17
12
11
19
9
5
13
2
158
262
415
372
275
443
232
185
355
437
353
335
334
401
28
39
500
268
210
178
449
337
257
188
366
362
454
191
118
327
117
356
400
113
111
80
224
66
225
329
453
446
143
332
267
47
374
153
137
320
427
139
145
108
205
105
425
308
59
294
134
208
165
371
159
60
95
468
121
387
93
303
87
68
161
72
123
195
110
498
239
417
97
49
496
114
76
136
494
74
343
100
142
211
418
202
305
429
169
181
131
150
38
322
40
369
207
103
482
79
413
403
310
279
358
155
376
48
217
258
314
242
141
306
233
284
174
61
488
304
349
382
112
486
119
29
350
480
197
491
99
402
67
375
481
176
196
58
31
318
