15
24
8
9
6
7
19
10
17
23
3
1
2
13
12
14
16
18
25
5
20
21
4
11
22
159
226
140
294
216
131
234
428
430
49
42
379
324
269
344
323
189
243
284
227
364
274
314
473
462
170
164
78
120
265
97
100
194
38
124
178
46
338
148
288
354
343
276
211
210
264
369
169
345
84
305
398
221
86
32
219
258
65
29
413
376
193
238
366
371
191
82
206
492
356
119
285
474
147
239
384
491
130
386
448
66
232
113
184
154
495
214
220
466
116
346
431
155
117
236
143
272
300
225
286
381
195
52
47
141
223
261
446
488
252
455
445
402
273
41
486
30
336
308
351
439
434
58
237
295
