10
21
15
3
6
16
17
19
24
13
22
20
12
4
25
7
18
5
9
14
11
1
8
2
23
312
134
420
137
230
500
83
388
367
190
413
57
483
145
463
276
104
357
95
347
352
223
140
107
350
139
56
40
389
73
243
377
167
131
188
206
339
478
429
132
441
450
209
129
418
259
100
229
359
128
427
219
439
181
442
277
26
94
235
150
402
361
307
161
315
162
371
52
123
477
293
491
330
492
125
304
311
334
34
283
351
160
372
255
28
308
122
90
290
236
272
264
174
317
149
186
169
70
297
110
222
117
331
141
269
423
341
370
93
301
48
232
425
265
154
135
205
105
494
456
157
250
163
146
310
419
366
432
194
469
473
306
313
214
99
226
414
443
335
410
303
249
324
408
392
354
321
274
136
343
