10
21
13
15
3
16
6
17
19
24
22
14
20
11
7
18
4
5
25
8
2
9
12
1
23
137
500
420
293
230
104
140
190
134
312
463
367
243
328
357
276
351
350
290
83
188
57
139
450
123
339
100
223
206
441
389
301
107
356
181
219
183
415
132
73
149
474
347
433
419
388
359
377
29
402
329
363
34
40
491
198
432
186
447
208
76
136
352
304
370
145
174
146
167
442
185
70
232
125
259
310
464
413
469
426
129
427
131
90
307
179
366
374
429
162
476
101
277
305
93
341
154
209
237
27
393
324
161
256
471
79
205
117
105
346
160
468
494
423
330
443
194
335
150
291
492
103
165
91
449
