10
2
20
13
12
25
5
1
3
21
9
11
23
7
8
17
14
6
16
24
18
22
19
15
4
184
135
168
442
39
402
63
61
185
315
219
99
167
463
340
425
479
500
306
275
40
156
359
445
106
326
230
49
393
330
468
353
379
256
470
424
214
295
172
191
239
328
482
44
245
92
407
93
338
80
139
254
358
34
45
377
100
225
250
258
154
51
414
56
119
308
58
75
28
111
27
244
128
103
472
55
397
120
291
273
42
158
276
296
422
355
233
400
435
303
268
392
143
171
314
327
423
464
389
411
483
53
324
459
126
78
98
365
196
199
499
64
60
418
293
453
123
396
441
348
290
302
390
278
307
