2
10
21
11
22
1
3
25
8
18
12
14
16
23
7
15
13
6
9
4
17
19
5
24
20
178
389
224
111
366
286
448
189
490
169
212
432
404
382
498
297
204
453
380
303
265
336
323
485
340
383
365
164
284
42
130
325
196
236
113
412
390
103
260
208
314
36
296
187
274
415
119
69
311
457
500
31
428
176
467
179
295
317
343
257
393
89
219
252
228
264
106
82
280
281
161
223
293
237
183
148
116
202
363
245
75
361
102
408
240
243
397
182
73
145
449
414
213
150
162
464
235
92
27
440
374
301
497
387
395
104
210
307
107
401
211
132
450
349
442
468
369
488
144
375
34
158
318
306
270
