10
21
15
3
13
19
6
17
22
12
16
24
7
5
11
4
20
14
25
18
8
9
2
1
23
188
230
137
350
500
420
57
134
304
339
305
243
276
377
367
56
79
338
427
359
329
34
157
277
100
466
190
122
223
83
219
129
140
363
181
139
447
76
314
433
438
160
442
463
174
290
361
494
123
167
371
145
441
232
330
310
93
52
99
235
389
370
368
301
483
70
205
29
186
478
328
472
423
179
476
161
183
312
28
469
236
73
395
413
206
409
352
354
131
264
366
418
388
378
209
136
98
229
386
379
281
313
439
48
94
477
26
456
324
272
156
295
38
335
149
81
265
141
450
402
419
492
317
353
473
