16
25
8
11
5
13
21
7
10
14
1
23
20
3
17
24
15
4
6
22
9
12
18
2
19
471
407
162
394
257
362
477
414
434
222
101
172
292
399
195
489
249
439
441
437
305
382
478
365
472
483
372
487
327
146
397
40
48
185
454
113
388
120
337
282
78
73
384
226
360
133
82
311
248
242
442
81
464
119
392
127
497
138
163
244
140
276
39
273
148
230
445
431
371
240
47
37
302
390
317
289
263
279
406
272
410
208
363
53
480
99
210
197
159
294
338
348
270
46
247
160
181
423
30
180
391
385
375
446
141
142
250
212
355
468
346
66
128
188
286
175
137
460
481
422
225
224
416
402
71
310
100
474
51
389
466
417
281
342
54
335
354
88
161
368
277
202
45
67
376
219
356
430
72
110
