14
4
12
3
23
2
17
15
20
6
25
13
21
7
24
8
22
9
11
18
16
5
19
10
1
87
175
63
27
372
183
419
188
468
137
443
159
123
347
28
397
197
362
441
245
222
472
254
408
220
77
380
475
141
288
130
104
383
154
375
144
55
43
192
174
390
490
342
413
370
151
229
394
451
116
325
162
305
236
224
221
474
267
56
303
272
458
449
356
72
453
155
134
295
204
386
235
95
310
248
393
445
317
93
429
409
198
184
291
50
306
319
29
382
121
207
169
431
332
238
185
387
146
377
177
217
374
381
179
412
368
301
111
143
421
136
465
219
279
341
461
239
73
35
311
44
378
417
467
250
