24
3
21
2
17
16
19
10
8
4
18
7
9
11
25
23
13
14
20
22
1
5
15
6
12
226
313
65
183
140
110
332
197
126
213
296
79
98
43
417
405
173
108
36
473
244
113
315
277
461
470
463
459
483
403
469
172
349
478
421
328
167
135
318
210
444
436
334
221
58
237
356
251
127
499
376
427
467
261
431
55
133
366
54
493
156
351
207
365
415
284
151
242
409
439
191
422
50
122
112
476
378
337
93
200
289
199
57
341
361
31
246
162
106
362
161
250
414
471
100
420
88
363
355
84
495
271
329
281
377
227
34
204
39
187
268
196
217
462
257
233
45
203
486
280
241
87
145
335
327
264
164
494
435
256
408
258
104
189
336
357
76
262
319
291
216
101
155
316
306
115
413
353
149
231
