23
6
4
16
11
8
19
18
25
12
9
10
7
3
1
15
5
21
2
24
13
17
22
14
20
137
257
372
366
148
494
376
387
202
52
168
225
327
390
160
192
66
393
449
94
267
175
400
173
130
500
483
386
224
252
312
228
259
338
262
179
467
81
84
236
42
70
238
391
87
64
496
172
114
59
107
96
282
416
476
438
358
330
256
382
47
245
234
193
336
323
54
120
402
140
235
479
239
329
185
126
364
71
123
369
412
141
176
475
365
334
83
250
79
420
436
322
212
352
253
489
378
43
484
186
324
285
169
117
405
112
271
307
281
133
119
350
314
411
209
65
315
431
486
361
493
45
110
38
39
