25
13
11
7
24
15
22
14
9
20
6
1
18
21
12
3
8
16
4
17
19
10
5
2
23
348
279
406
158
69
379
307
190
101
434
138
236
327
315
220
400
175
330
302
414
301
235
443
286
87
388
408
146
335
205
296
52
182
292
132
178
155
344
429
239
433
364
355
185
255
194
110
471
204
323
80
226
36
393
448
299
254
207
420
125
86
262
500
67
209
295
32
260
214
343
74
267
423
231
312
485
50
333
107
325
247
390
30
418
218
219
203
153
179
454
55
168
37
398
134
274
164
229
287
240
458
496
402
306
490
94
424
26
362
377
170
95
467
78
421
43
446
451
351
64
105
375
332
324
366
230
441
58
309
162
126
380
389
484
288
148
353
345
241
141
114
303
317
435
117
280
358
234
294
314
462
173
65
39
319
320
385
365
492
217
47
245
82
90
395
444
63
413
103
186
465
184
140
447
128
