8
5
20
14
17
12
21
11
3
1
15
4
25
22
2
9
10
24
18
19
6
7
16
23
13
300
141
373
320
319
372
204
179
434
385
411
326
396
126
283
370
405
291
79
483
437
48
282
262
183
190
456
374
254
468
227
330
53
157
343
243
484
387
257
382
71
163
88
399
487
267
173
277
228
216
246
59
35
198
453
91
480
423
271
203
462
222
95
421
94
278
446
491
307
342
206
155
55
97
176
375
214
395
419
210
428
493
78
60
110
328
92
334
207
344
391
236
445
242
28
489
77
478
416
248
420
415
281
312
285
74
241
379
164
168
101
305
417
377
75
205
473
264
261
256
347
392
479
498
225
333
345
218
199
186
274
481
447
327
394
346
50
252
107
237
251
318
472
467
49
359
148
495
289
353
