22
7
13
14
6
3
4
12
1
17
23
20
10
16
21
11
9
5
19
15
8
18
25
24
2
467
147
399
79
488
169
473
305
391
378
44
498
139
161
30
119
358
331
116
112
375
246
94
404
495
279
313
292
252
344
137
36
196
118
362
85
225
324
136
437
271
81
351
244
350
433
261
208
342
103
241
333
146
381
273
215
361
400
128
145
75
282
43
229
144
389
203
385
59
214
100
129
486
341
413
199
111
461
159
130
278
207
220
280
183
39
152
249
411
460
49
157
489
310
303
184
386
312
472
374
61
115
29
315
364
74
446
490
287
321
414
402
397
296
124
70
323
436
453
432
107
327
65
478
165
289
88
247
53
420
343
265
163
55
451
380
105
409
274
117
487
141
299
187
325
326
109
448
114
106
283
206
134
47
66
447
270
54
462
455
379
363
35
95
398
352
266
248
258
435
101
86
497
251
87
