22
14
7
4
13
3
12
17
6
23
10
21
1
5
20
11
15
16
19
25
9
8
2
24
18
79
147
305
495
378
467
391
361
473
118
488
358
446
139
241
169
44
116
362
229
119
399
313
375
136
112
252
413
145
94
81
498
36
282
49
404
472
437
246
161
460
350
196
433
344
30
129
341
75
184
207
279
310
386
65
146
374
261
273
331
292
137
215
85
324
247
130
53
289
199
128
461
351
103
111
398
385
271
389
312
486
280
134
411
144
432
29
270
274
435
214
244
400
402
364
106
475
59
61
380
443
417
448
409
39
208
462
407
70
379
299
66
101
447
293
115
326
203
315
283
141
296
27
107
354
