2
20
17
4
11
3
24
25
12
6
21
1
7
10
8
19
23
16
5
9
18
15
22
13
14
230
340
161
276
139
377
306
462
352
151
176
43
53
67
435
165
426
95
280
441
115
129
152
38
137
198
108
228
118
486
140
365
94
481
221
125
450
28
224
291
201
345
211
99
418
299
421
261
298
434
169
205
343
354
37
196
142
367
379
206
97
454
471
35
323
265
293
256
119
222
482
102
406
167
234
68
489
461
314
106
315
409
166
29
397
388
313
96
184
300
383
104
358
390
180
321
197
241
75
398
305
120
412
183
445
164
30
90
46
353
45
57
442
350
311
488
368
319
360
455
133
227
356
411
79
339
495
351
86
171
243
282
364
419
146
101
376
258
341
396
423
381
328
36
82
330
253
427
479
254
