14
7
17
8
20
13
21
16
9
5
1
12
2
6
18
22
23
3
4
25
10
11
19
15
24
204
141
294
443
451
289
235
50
396
239
46
461
215
367
264
194
189
238
177
247
210
470
288
214
395
100
31
456
357
226
213
257
90
236
422
223
145
333
459
256
281
222
416
436
368
426
38
480
104
430
123
274
403
407
51
155
230
300
89
439
79
47
218
32
364
427
389
55
216
404
447
133
101
423
381
361
325
279
255
271
164
40
466
340
348
98
341
290
71
157
495
477
118
75
248
185
93
138
455
335
280
446
363
234
405
253
139
491
178
105
84
191
73
246
354
424
112
212
414
336
175
316
225
81
39
398
492
283
441
463
478
197
122
400
378
471
181
350
45
80
166
136
124
366
135
172
339
27
85
268
473
438
440
411
103
262
292
97
96
493
302
180
322
435
169
67
458
221
208
444
126
231
127
452
460
