7
11
15
24
25
9
16
6
13
14
4
22
1
18
20
8
12
3
21
23
10
2
19
17
5
279
307
286
190
348
433
69
235
325
454
414
227
36
302
434
236
420
406
134
240
301
195
258
262
327
379
296
375
353
400
462
317
451
30
237
490
306
158
129
343
117
471
217
292
312
74
429
447
110
388
415
393
113
100
253
81
448
247
203
436
340
255
299
413
58
147
333
241
230
269
455
193
294
127
344
324
209
474
229
418
64
226
390
254
295
303
52
403
151
32
47
79
285
55
194
65
212
107
50
332
314
364
186
351
220
63
214
185
182
323
475
71
352
204
188
408
175
149
78
87
101
96
263
57
183
120
231
99
381
168
331
300
485
274
443
496
372
125
363
466
216
339
477
179
234
95
398
205
70
361
467
280
86
288
161
98
103
207
407
85
366
245
260
276
395
200
170
219
356
67
284
155
492
178
135
