10
20
13
12
2
25
6
1
5
14
9
21
4
18
11
22
3
17
15
23
8
16
19
7
24
122
290
84
359
178
211
323
355
476
392
500
224
277
62
357
303
341
446
172
247
239
220
271
295
60
35
158
64
193
66
467
76
272
262
58
85
478
159
222
120
210
351
417
324
128
197
302
363
316
448
435
135
114
259
460
345
186
423
465
156
498
32
284
167
221
466
317
176
125
375
165
432
179
332
353
162
63
82
155
336
43
242
480
308
339
330
74
333
33
256
38
245
46
95
338
142
59
411
107
195
470
401
80
226
436
49
490
241
301
304
69
235
161
281
380
190
408
299
54
368
450
148
265
441
260
28
365
194
37
127
217
200
374
326
462
147
344
229
439
288
473
440
282
412
486
306
430
410
115
292
