11
8
2
23
15
16
3
24
22
5
21
6
17
12
18
4
1
25
19
13
7
10
20
14
9
34
368
425
83
499
156
211
205
460
304
240
237
414
63
298
251
289
202
351
162
52
147
456
286
244
273
227
128
181
169
366
200
89
81
224
191
30
374
216
143
108
409
494
277
272
470
188
185
471
384
229
340
301
228
56
241
420
495
433
76
481
468
252
482
58
497
444
331
117
345
295
46
487
279
349
360
125
201
376
263
222
276
235
450
68
26
100
435
311
102
250
260
28
180
397
476
54
485
130
65
449
29
99
208
312
297
40
306
173
82
419
141
119
87
139
375
195
427
377
199
245
234
472
93
132
