1
21
6
9
16
22
19
7
2
10
4
18
5
12
24
20
13
3
23
15
11
14
17
8
25
435
231
214
246
416
221
213
426
143
48
220
414
456
452
454
308
405
31
498
423
481
459
336
311
472
149
187
254
93
401
102
425
242
47
403
183
40
51
72
314
250
412
181
482
303
366
331
126
38
394
156
197
451
473
110
232
191
245
433
393
52
495
399
359
227
309
75
471
235
301
263
323
334
141
212
208
418
259
80
206
147
341
172
76
419
136
98
184
464
244
275
53
116
322
256
413
240
30
332
480
203
437
55
107
335
448
266
228
78
151
444
92
390
67
161
248
201
179
410
402
363
216
104
82
219
