8
5
1
20
10
12
11
14
17
3
21
2
22
24
18
25
9
4
15
19
6
23
13
7
16
396
204
319
370
434
300
419
493
405
395
79
320
271
203
382
385
157
190
372
168
491
265
373
291
283
243
437
420
143
97
78
445
221
252
421
91
257
357
189
282
330
468
456
228
241
110
148
417
222
369
344
312
59
316
248
375
411
41
141
495
76
335
240
278
453
267
92
483
216
415
207
246
489
487
347
74
297
334
401
95
423
402
48
126
206
327
137
332
399
214
422
481
37
163
182
131
53
326
301
416
387
106
488
235
394
342
392
101
478
266
343
391
63
130
464
205
179
186
232
412
444
119
473
30
61
81
447
486
363
99
50
55
196
377
170
359
105
293
230
67
379
352
71
406
83
498
346
285
165
166
