23
20
18
24
25
4
22
14
21
7
6
8
17
1
16
3
15
10
5
12
11
9
19
13
2
28
305
500
158
137
443
400
331
210
153
372
275
355
66
415
117
142
262
335
72
185
268
295
337
257
27
46
454
238
139
449
108
59
155
188
371
401
111
232
99
267
239
61
191
178
80
429
362
425
136
369
332
334
358
118
159
87
329
47
140
42
230
105
413
123
428
71
407
469
145
113
202
114
93
121
446
165
339
95
330
374
472
258
289
327
112
437
308
366
183
181
143
154
301
60
141
248
427
49
481
211
63
43
322
482
440
333
343
103
100
249
161
356
494
393
207
228
225
224
320
195
297
74
107
131
304
97
348
116
484
479
205
68
453
387
208
169
40
245
451
294
209
457
426
309
310
78
39
431
475
496
79
476
119
48
375
456
92
444
499
233
163
350
204
243
298
349
314
176
110
229
353
134
126
474
