7
8
16
1
21
11
9
15
5
22
24
19
3
18
14
4
13
6
25
17
2
10
20
12
23
249
469
182
152
383
218
133
400
63
472
137
263
197
435
425
312
349
448
76
166
393
287
329
203
395
442
40
492
242
171
499
320
219
149
443
456
326
333
377
36
116
430
402
101
239
79
126
83
493
445
162
455
118
106
253
446
216
174
123
111
276
29
268
56
202
84
420
280
78
68
403
350
48
71
180
413
55
328
49
341
486
454
210
39
73
407
494
476
61
67
345
169
245
58
453
52
173
293
475
322
424
418
423
184
480
128
437
160
161
461
275
355
134
70
315
462
470
168
356
357
163
382
244
41
258
