10
20
12
5
6
25
2
14
13
1
21
17
18
4
3
22
11
15
9
8
19
16
23
7
24
359
122
355
290
165
210
211
272
332
357
178
271
500
239
120
62
222
172
192
95
84
262
452
303
43
302
162
330
64
419
345
167
339
28
224
58
179
478
408
76
467
220
444
436
392
305
135
155
338
47
351
292
256
490
66
212
193
465
487
378
82
301
341
365
156
259
159
439
186
432
446
158
363
417
237
255
33
316
114
197
498
199
221
375
324
288
448
323
476
125
160
251
308
206
208
73
187
279
284
266
107
353
217
405
60
164
180
48
142
295
85
281
185
429
466
306
358
65
333
63
38
83
460
88
484
