9
1
8
7
22
17
3
15
10
14
18
4
16
25
23
19
6
5
13
21
11
12
24
20
2
141
485
279
421
461
228
361
135
309
307
322
349
152
179
272
466
41
352
296
174
159
451
188
471
55
316
484
472
441
124
408
153
492
399
101
394
71
491
452
177
418
269
176
119
417
431
51
299
44
154
129
469
54
374
204
436
230
218
213
150
468
32
276
148
231
311
70
462
343
302
327
214
40
383
209
115
378
33
131
354
371
65
429
217
370
457
478
387
242
420
262
203
368
128
446
489
348
453
358
227
414
458
400
63
495
48
226
288
67
470
108
161
404
388
360
93
405
172
62
362
143
341
235
136
236
410
78
92
319
250
393
260
249
165
221
391
86
323
381
212
401
187
243
157
74
317
440
145
254
419
