16
2
19
9
23
4
10
24
14
22
13
1
6
15
17
11
21
12
3
20
5
25
18
8
7
189
371
205
369
379
477
358
332
133
404
470
339
139
434
462
102
236
292
388
60
478
334
399
415
167
120
40
367
219
127
98
31
118
201
438
374
195
206
448
187
408
357
376
435
30
86
68
161
43
381
282
89
181
148
287
397
436
254
288
279
487
421
456
157
319
108
413
215
475
496
479
423
162
333
77
251
350
391
56
372
155
308
54
457
489
138
385
49
370
159
242
186
498
100
289
177
84
458
402
240
229
96
300
281
451
91
366
407
304
380
430
33
270
210
255
497
212
433
500
141
463
326
432
382
318
72
284
278
63
306
101
360
390
231
88
221
154
262
51
416
443
82
202
81
398
163
405
146
303
41
