7
5
8
17
10
25
9
23
19
20
11
15
4
12
13
22
16
18
6
2
3
21
24
14
1
150
328
108
455
226
355
87
404
233
103
450
68
448
391
96
485
365
72
388
133
340
399
375
453
194
436
434
118
407
56
99
345
398
468
445
128
353
70
406
482
152
36
324
127
496
413
247
408
469
61
316
470
183
178
257
435
349
499
48
106
47
208
392
124
44
425
140
67
69
51
237
273
364
146
234
138
290
218
142
289
41
377
253
385
145
400
35
288
463
291
303
86
98
200
458
109
359
154
454
136
477
232
343
327
412
119
156
446
354
161
341
300
85
334
220
204
81
333
472
389
211
184
177
52
62
500
112
335
190
315
227
457
347
431
28
189
84
193
491
410
164
331
336
180
424
393
326
169
325
129
