21
7
17
20
10
14
1
18
6
9
11
23
13
16
15
22
12
5
25
8
2
24
3
4
19
400
227
26
325
163
366
462
255
63
136
100
454
415
498
295
390
266
394
197
482
252
259
114
322
150
37
169
234
480
445
28
440
334
345
494
315
254
308
265
290
132
153
189
497
496
289
167
413
238
270
38
373
491
280
311
479
58
86
286
450
377
272
262
251
422
401
119
122
142
68
430
81
240
363
495
244
292
361
418
42
61
438
231
128
404
267
127
162
331
76
323
59
40
160
176
57
470
220
368
144
148
222
332
355
182
45
172
196
93
200
65
399
312
426
147
83
362
232
297
288
250
443
129
156
104
