15
8
9
24
19
6
7
1
23
17
13
16
14
10
2
5
3
12
22
11
21
4
18
20
25
220
414
366
294
227
324
252
49
430
338
364
191
369
265
428
314
73
127
385
320
473
371
386
140
463
160
235
84
46
282
286
178
260
367
146
311
288
297
310
120
377
209
30
99
408
67
170
496
203
354
309
133
240
169
229
232
51
97
344
321
500
138
459
52
42
123
159
276
148
326
383
243
273
343
223
145
472
41
331
226
323
403
272
455
78
292
482
492
345
234
40
290
29
295
100
193
113
431
222
269
389
65
38
359
264
187
363
467
143
308
102
365
449
349
398
80
200
491
289
75
119
250
125
471
441
185
419
479
131
82
241
124
466
158
405
340
179
460
89
483
86
285
322
206
330
384
279
66
92
440
