8
20
21
25
18
12
23
19
17
4
5
6
24
11
14
22
2
9
16
13
1
15
7
3
10
340
465
324
255
499
447
271
339
179
226
74
368
201
114
178
489
362
360
478
289
57
385
59
439
195
197
30
225
78
286
283
203
299
230
458
408
295
453
430
429
361
479
180
441
500
250
120
198
471
387
145
365
310
58
282
33
467
92
140
288
246
480
262
337
436
88
248
376
330
261
292
352
446
214
336
125
218
253
47
118
215
384
162
444
44
498
372
393
355
55
411
237
346
349
486
188
399
378
216
477
161
334
333
388
36
404
316
96
212
332
410
398
268
142
173
73
160
497
488
141
119
192
263
320
401
