23
16
6
18
10
22
4
19
25
11
8
2
12
14
1
13
24
5
3
21
15
20
7
17
9
356
283
203
208
351
339
180
199
145
418
320
66
58
193
403
449
57
207
398
71
421
153
397
396
413
264
216
73
303
453
192
64
343
267
242
62
250
149
61
313
372
498
128
69
285
344
407
234
395
38
107
288
226
278
158
182
375
307
430
162
304
140
236
433
138
484
446
439
59
416
260
444
186
364
126
116
43
425
476
212
494
388
121
335
184
181
99
408
420
355
328
41
233
244
150
381
123
104
55
111
424
154
200
359
70
188
39
393
415
399
88
163
258
195
353
141
272
347
409
311
495
100
312
350
297
68
391
414
483
378
266
241
225
46
103
49
294
377
94
261
129
387
287
101
33
114
323
333
51
175
