3
12
14
4
23
2
8
25
17
6
15
21
22
5
7
20
16
13
10
9
24
19
11
18
1
63
183
222
288
197
123
87
27
419
154
383
144
141
116
250
155
137
55
128
44
413
159
134
103
443
441
192
458
229
362
397
344
174
77
356
169
72
184
245
127
390
347
495
381
57
348
104
73
204
254
93
310
332
467
394
382
380
368
370
474
410
189
188
303
317
453
91
375
207
468
193
447
42
186
305
99
496
313
175
166
319
236
372
146
379
43
326
386
220
136
218
151
156
95
177
272
389
360
274
451
286
111
302
471
145
371
423
349
29
26
267
342
198
224
401
278
479
482
464
429
475
472
497
133
120
162
295
449
235
283
398
306
221
185
445
376
107
39
484
230
64
88
41
50
277
421
163
490
258
172
