19
21
23
9
16
4
3
2
15
24
22
10
6
1
14
20
8
11
5
13
7
12
18
17
25
304
477
195
399
379
205
434
438
479
155
418
281
435
108
350
206
187
60
372
120
489
81
189
400
366
96
371
497
68
181
421
86
323
458
77
230
358
456
462
391
413
432
104
201
367
487
500
416
394
423
100
138
49
436
332
470
377
419
388
240
31
218
404
466
28
282
177
287
254
415
40
276
139
167
30
465
390
166
308
215
162
91
334
292
300
242
478
362
82
33
157
85
229
133
184
475
127
288
270
170
285
326
370
333
450
198
274
186
262
397
382
159
61
498
54
98
369
219
376
89
111
445
173
433
380
402
296
35
251
221
422
163
448
148
339
113
236
417
306
381
161
492
151
290
107
56
488
66
67
363
