20
24
18
23
21
22
25
1
7
14
15
4
10
3
17
8
12
16
9
5
19
11
13
6
2
210
355
158
305
415
185
327
225
28
494
335
437
401
337
142
332
238
117
372
159
95
39
47
230
59
454
371
418
49
268
320
169
191
46
500
400
267
123
334
258
356
366
449
496
257
488
111
298
207
331
66
68
153
118
249
100
97
295
113
443
262
275
232
105
141
446
87
358
165
425
428
294
429
468
154
374
499
139
214
145
90
248
350
31
224
110
303
310
387
40
137
114
333
108
393
279
314
349
208
131
79
217
330
369
63
48
348
343
229
380
188
379
211
93
150
195
309
202
498
155
482
376
455
92
209
