10
7
17
8
18
13
23
22
1
15
9
3
16
20
6
5
25
2
14
12
11
19
4
24
21
299
217
466
322
361
470
228
279
441
275
296
64
358
368
227
436
179
39
374
141
76
485
307
421
33
352
93
394
484
380
41
150
124
288
32
152
461
349
65
327
372
234
267
309
377
478
108
27
323
388
410
197
457
492
71
176
452
389
63
391
188
161
149
319
345
360
317
294
164
495
86
78
87
471
316
209
97
174
400
231
226
177
187
359
162
56
203
100
62
431
462
30
44
440
165
300
375
343
153
449
456
451
119
477
218
131
474
383
482
173
204
249
239
68
46
92
43
405
347
74
364
49
196
251
468
