13
15
22
7
14
17
24
1
25
8
18
20
12
9
3
19
4
23
16
5
10
11
6
21
2
435
280
271
53
336
306
328
220
157
369
85
326
402
187
29
341
114
165
410
80
321
49
223
241
344
46
56
192
436
395
267
351
205
451
359
163
327
98
277
403
158
101
234
338
170
148
218
130
386
455
461
198
496
429
209
432
419
304
26
457
493
175
102
213
76
113
414
91
296
54
412
47
61
215
160
368
190
384
445
88
305
74
162
389
84
283
93
242
81
345
179
443
150
57
31
464
69
186
230
233
385
137
40
50
465
324
275
41
288
128
121
320
392
83
442
342
152
406
370
214
272
255
103
244
483
250
133
302
200
70
232
173
393
194
408
119
485
424
28
417
422
309
127
236
124
112
185
68
176
325
180
323
169
433
58
301
227
201
90
268
117
352
482
444
172
481
226
299
138
354
166
104
281
159
239
