8
7
21
11
16
5
1
13
22
9
17
19
15
6
14
24
2
23
3
12
20
18
10
25
4
263
448
393
298
210
395
152
276
137
469
63
242
456
116
445
472
111
166
287
435
349
249
101
203
36
462
78
430
268
388
75
425
421
39
219
30
239
492
197
218
455
407
106
99
61
443
400
383
442
493
402
312
461
71
52
171
83
58
350
56
424
475
404
499
138
47
41
360
420
216
126
182
135
155
413
128
88
341
123
321
333
48
320
340
436
160
64
149
326
382
100
377
77
55
279
418
51
257
250
91
444
327
391
468
158
284
245
84
458
162
68
357
471
367
381
361
236
174
32
69
371
486
178
423
134
454
67
76
494
476
498
280
163
133
310
221
105
202
398
300
338
293
169
227
104
345
80
40
234
446
