10
5
12
25
2
20
13
6
1
18
21
11
3
4
22
17
8
9
14
15
23
19
16
7
24
178
290
359
220
224
84
500
357
392
303
239
355
122
448
284
162
351
247
339
58
159
62
363
476
186
121
478
442
76
345
135
211
467
212
417
222
195
332
43
444
272
46
330
277
419
262
192
167
256
66
301
498
64
341
164
375
259
323
309
148
33
295
446
480
60
423
210
221
197
271
179
353
28
305
80
302
82
324
238
365
411
235
107
304
165
455
396
158
63
160
317
114
245
252
156
120
193
32
465
408
172
47
74
487
316
435
306
125
266
286
436
490
200
470
242
38
460
462
450
65
333
401
464
142
187
