24
21
19
17
3
2
18
8
4
13
10
7
23
25
11
14
16
20
6
1
9
15
22
5
12
420
86
470
206
493
347
151
43
277
140
405
490
332
297
466
196
226
88
98
108
113
170
45
65
361
116
413
246
183
133
289
478
283
403
486
99
215
100
199
93
459
213
261
473
412
427
410
469
149
126
162
296
131
191
237
155
398
461
110
242
187
240
256
36
57
55
251
334
357
153
295
106
34
79
227
363
102
127
50
382
58
327
404
154
252
375
291
381
417
439
328
317
172
457
233
200
483
406
54
273
209
70
218
71
471
84
306
223
161
101
284
353
384
217
359
307
416
109
419
144
173
156
499
135
287
