17
2
24
20
6
4
21
25
3
12
8
1
19
5
11
7
23
18
9
10
22
16
15
13
14
230
377
486
161
441
99
139
67
340
35
165
53
352
176
43
118
435
198
421
276
323
418
434
388
95
129
379
104
462
211
299
151
29
152
489
306
94
197
228
115
354
450
142
471
205
108
221
426
133
345
90
222
196
167
366
38
373
314
291
365
482
131
305
171
37
398
166
68
147
481
252
353
280
419
180
298
265
201
125
319
206
57
343
293
190
169
183
97
106
368
73
102
361
454
101
174
172
458
367
455
96
184
488
412
140
409
120
36
350
119
256
234
26
390
406
311
137
107
262
261
84
356
300
425
321
241
30
339
75
372
242
315
328
82
404
376
80
283
224
217
446
445
282
461
121
92
65
52
227
341
