7
10
13
22
20
12
19
24
14
1
21
17
5
3
16
9
4
11
6
2
15
18
23
25
8
378
391
362
79
313
331
495
123
116
139
488
112
207
103
404
81
147
44
374
437
433
375
136
214
241
225
75
111
43
278
229
101
350
292
352
215
66
94
72
244
30
446
273
361
141
271
333
53
289
196
324
436
146
443
299
496
305
144
70
117
129
274
472
145
309
287
413
253
135
270
118
500
461
326
29
265
435
183
62
247
399
261
282
220
341
252
134
61
128
280
499
178
400
85
336
321
258
448
380
432
386
447
452
106
455
358
467
35
89
119
342
276
161
498
424
268
137
281
409
100
293
327
125
235
67
