8
7
17
20
21
14
16
13
5
2
22
6
18
12
1
3
9
23
25
4
19
10
11
15
24
294
357
213
177
123
451
238
204
368
90
256
135
228
378
470
480
396
89
336
189
226
289
325
239
268
59
172
101
50
215
218
416
443
155
97
288
411
279
495
367
246
84
139
32
283
230
340
164
70
145
104
354
461
281
122
222
138
191
333
46
31
100
107
75
274
133
98
407
456
141
190
38
341
422
466
436
400
315
78
468
439
121
210
403
423
214
459
216
51
231
446
363
118
47
463
255
73
405
235
93
339
44
434
413
371
409
458
112
60
491
424
28
428
419
355
430
257
234
477
185
348
184
478
244
94
