2
21
10
11
22
25
8
13
12
7
15
20
6
4
17
1
3
23
24
14
18
16
19
5
9
212
412
178
389
449
428
148
95
317
69
265
189
448
145
211
196
402
316
453
162
132
447
119
419
252
467
380
105
454
383
79
261
400
408
485
414
61
286
182
387
500
208
163
297
202
340
415
125
75
295
338
161
204
27
323
106
395
393
169
219
397
210
432
311
228
382
440
111
284
187
36
490
390
264
336
113
366
379
89
462
194
73
365
257
237
256
188
232
179
224
205
101
100
130
409
296
60
254
364
245
424
303
384
405
363
498
214
275
164
243
103
171
250
494
356
242
263
85
371
185
331
270
464
63
328
312
327
142
150
301
343
318
361
77
31
473
300
274
172
332
369
289
372
135
404
488
59
329
46
116
