21
7
13
10
17
18
23
1
16
20
9
15
5
11
8
14
25
2
22
6
3
24
12
4
19
252
238
156
400
462
415
426
240
28
114
26
290
295
265
454
77
495
498
37
334
464
497
132
413
282
266
57
438
90
63
342
267
255
253
289
363
418
27
162
254
366
370
189
111
325
169
309
136
64
81
172
227
163
251
425
312
93
323
422
401
100
482
388
286
142
416
200
390
453
272
496
116
479
222
319
40
494
480
220
234
226
76
42
311
340
394
150
279
440
160
164
444
103
108
182
443
345
231
403
130
270
68
59
166
258
195
244
58
176
327
127
33
360
428
500
126
54
364
436
277
285
60
86
56
106
300
129
405
275
379
402
308
144
123
250
431
78
302
381
419
61
36
153
449
174
284
139
322
475
69
