20
22
7
23
24
15
10
18
1
25
8
4
17
21
6
14
16
19
11
12
3
5
13
9
2
401
262
335
158
185
225
355
238
80
210
93
305
320
437
123
337
39
155
500
332
66
327
366
443
372
400
232
113
60
100
208
46
454
118
415
257
121
371
349
295
425
455
275
413
449
331
496
28
333
362
277
140
258
111
195
348
95
339
224
191
137
329
87
59
76
40
330
314
494
444
141
47
350
79
165
356
453
303
298
380
68
169
143
202
63
181
334
108
31
161
139
142
279
267
249
178
322
418
423
159
268
48
105
446
71
484
150
499
214
294
230
49
343
207
129
472
369
422
488
110
482
116
301
353
377
216
72
491
211
358
393
217
131
145
431
457
130
173
304
309
112
429
154
61
248
97
168
387
212
310
