1
21
9
19
6
16
7
22
24
20
12
10
3
2
15
23
13
4
18
11
5
17
14
8
25
405
366
213
143
416
221
459
48
246
308
423
214
456
452
454
435
212
220
149
414
231
426
482
187
245
191
314
412
179
53
51
98
256
437
244
55
393
197
248
172
401
311
110
425
126
52
250
50
72
242
93
183
31
206
227
208
498
323
232
301
331
472
322
473
30
141
495
147
190
404
259
390
254
419
75
186
413
319
403
481
471
38
78
40
320
266
451
433
399
184
161
479
304
448
282
182
309
113
62
394
116
177
303
156
67
263
218
447
484
181
60
318
76
135
359
69
193
291
458
47
349
374
468
355
391
91
34
178
201
107
354
257
430
441
275
341
335
402
395
450
443
480
418
338
106
406
146
336
332
363
