15
8
2
5
22
24
11
16
23
12
19
4
1
3
7
25
18
10
21
17
6
20
13
14
9
211
499
420
148
435
68
205
128
298
81
314
54
26
452
494
276
108
368
99
147
186
181
279
229
204
162
470
143
227
498
312
280
83
414
297
63
277
219
215
305
30
351
327
456
34
224
495
52
308
289
234
272
106
444
480
126
295
56
360
237
471
449
252
240
208
271
377
316
210
101
82
443
374
196
89
441
182
386
460
459
125
358
384
262
244
191
366
202
397
425
102
367
76
122
346
118
187
130
340
190
228
40
331
476
222
313
180
419
285
117
264
199
123
189
46
115
409
487
251
254
144
369
345
349
84
450
207
260
355
301
173
103
28
188
156
235
250
482
140
269
335
57
376
87
306
485
354
255
483
445
