7
17
8
14
21
13
5
16
20
2
1
18
6
12
22
9
4
23
25
19
3
11
10
15
24
238
294
230
189
145
215
281
222
451
177
403
396
89
461
246
470
289
31
204
288
430
368
46
213
274
141
378
175
264
90
104
466
155
256
172
439
477
333
38
400
456
55
458
210
436
47
422
118
78
239
357
268
354
435
50
139
100
325
123
339
178
231
424
191
248
341
45
235
454
363
228
212
247
492
459
271
218
157
135
138
51
455
478
336
98
283
257
280
340
367
255
409
59
416
199
27
74
136
349
350
438
311
480
234
327
122
262
198
491
353
302
371
67
381
57
221
70
411
167
444
366
85
186
75
34
