10
20
25
15
7
1
5
17
16
19
4
24
23
21
11
8
12
14
3
6
18
13
22
2
9
360
434
62
352
42
363
465
92
107
174
318
493
85
486
433
207
444
407
344
242
186
491
188
147
205
380
169
214
65
305
238
38
140
347
379
469
402
60
175
449
482
494
28
499
79
39
418
53
297
300
201
495
269
355
200
87
382
400
290
374
422
387
233
187
468
304
477
303
252
162
46
359
268
36
122
440
436
176
104
281
56
243
480
282
33
179
57
146
417
220
108
441
478
343
313
315
423
299
443
91
165
301
411
245
164
481
44
237
255
459
266
67
109
163
472
99
159
366
322
81
384
427
412
70
357
54
212
31
278
484
335
487
93
435
393
221
40
377
29
82
306
264
448
232
390
204
373
158
399
139
