10
2
5
13
12
1
20
4
25
18
9
6
11
15
21
8
14
22
17
3
23
19
16
7
24
359
186
357
355
178
224
159
84
323
419
76
239
172
221
256
290
64
122
164
193
460
161
220
121
392
429
120
436
272
339
286
107
192
43
466
226
180
115
374
480
470
82
162
135
332
448
247
303
125
378
487
48
465
408
187
211
158
342
222
299
45
304
375
179
237
432
271
400
38
353
500
333
467
288
137
212
98
147
46
351
439
114
367
354
317
266
498
284
58
259
35
341
63
28
133
195
380
444
95
396
176
437
476
446
168
128
59
488
255
66
94
265
324
401
80
60
138
156
62
430
142
337
363
69
47
262
71
365
277
53
316
481
301
119
274
188
210
344
200
295
336
495
330
302
155
49
490
33
31
54
245
218
242
417
194
229
411
413
424
442
127
306
345
167
426
404
165
305
423
415
493
238
347
206
235
