19
16
2
21
23
15
3
9
22
10
24
1
4
6
7
20
11
8
14
18
13
12
5
17
25
379
399
434
432
435
177
91
477
423
206
366
205
466
187
438
215
167
323
108
287
240
371
30
195
462
82
436
189
479
350
201
367
377
365
104
362
138
60
28
420
68
100
157
155
242
304
139
40
489
497
270
254
281
363
120
472
162
421
391
289
77
418
219
218
159
275
96
285
456
422
308
127
33
382
85
264
279
372
492
488
81
111
334
49
133
306
184
458
86
69
400
332
450
390
481
74
98
487
173
186
397
292
228
72
210
170
475
73
388
300
123
168
89
54
66
333
369
198
276
498
274
251
339
153
278
255
87
259
35
459
118
370
381
327
163
221
262
166
296
330
61
113
431
465
116
78
405
302
396
161
