7
15
11
9
13
16
14
25
24
12
1
4
21
6
20
22
18
8
3
19
2
10
5
23
17
69
307
190
348
286
107
52
420
353
299
364
379
301
279
74
302
235
230
344
237
393
234
30
240
434
158
247
47
231
408
340
333
36
447
451
134
292
217
218
433
194
355
260
182
366
462
414
471
201
400
214
178
200
467
209
229
147
343
375
81
227
251
312
245
110
258
372
296
335
392
236
101
327
474
207
173
406
460
274
466
155
212
464
63
303
398
315
89
125
59
295
280
402
32
199
262
203
171
65
93
448
132
138
38
164
429
352
67
254
50
388
175
490
421
314
300
323
202
294
494
332
161
94
427
195
