10
7
8
18
17
1
15
16
9
22
23
3
13
20
6
2
19
12
5
25
24
11
14
4
21
361
299
228
322
466
461
485
436
470
307
217
93
179
124
372
279
377
441
150
389
141
484
177
421
33
152
358
374
64
296
352
227
368
108
41
410
394
71
63
197
32
440
275
300
482
203
349
431
39
159
452
204
76
380
153
457
27
478
451
267
323
251
62
449
131
234
456
364
188
65
471
44
309
56
319
492
288
351
115
462
187
327
174
148
298
405
49
400
97
458
162
343
359
360
375
294
468
89
209
446
86
87
226
231
164
495
337
149
347
498
417
391
297
408
239
43
176
469
388
147
381
281
316
383
213
345
344
28
221
50
51
214
453
418
373
68
474
424
317
30
311
472
47
40
154
371
218
165
354
387
