4
14
12
3
23
17
6
21
2
20
13
15
8
7
25
22
18
9
11
24
5
19
16
10
1
183
63
27
146
222
123
245
419
87
443
408
151
197
188
221
397
207
372
413
175
362
72
347
303
461
375
55
43
137
220
236
288
474
159
235
453
141
472
356
441
28
380
390
229
451
295
344
468
370
305
342
254
174
120
204
144
154
130
169
116
368
458
198
317
447
377
267
429
371
155
48
104
313
192
95
394
134
383
306
325
459
467
165
310
162
93
29
184
319
409
386
445
108
332
359
156
143
479
490
393
127
56
278
496
208
444
133
217
73
41
77
35
465
177
291
186
326
139
348
431
391
475
85
341
36
410
248
50
238
412
91
111
128
164
449
224
381
279
189
124
302
228
407
153
463
378
44
364
272
387
421
219
273
216
179
103
74
233
454
45
482
349
166
136
417
473
76
80
293
157
491
260
253
382
121
