18
22
8
11
17
6
1
16
4
25
13
10
14
5
12
20
15
23
19
3
9
24
7
2
21
392
164
61
165
308
88
58
219
342
375
62
183
427
326
84
204
414
104
52
433
327
383
191
202
354
129
199
297
247
118
254
339
411
255
37
451
114
446
356
279
176
344
273
39
151
481
376
159
178
367
137
185
267
258
64
384
466
34
51
68
109
389
171
351
245
158
455
485
50
307
420
292
276
271
341
45
177
338
317
91
230
161
497
336
374
69
438
71
234
98
370
243
92
123
491
223
111
305
90
290
72
263
70
380
442
229
422
325
329
477
227
488
65
153
331
318
28
498
401
403
56
487
429
122
397
141
473
472
320
310
294
168
475
49
432
147
407
368
132
353
309
393
75
31
496
83
250
486
260
406
