1
6
21
22
7
9
16
19
15
4
18
10
2
20
23
12
14
5
3
24
13
17
8
11
25
456
221
231
435
30
472
212
213
52
332
454
227
311
303
481
394
214
464
403
423
473
459
246
308
414
53
437
433
426
51
452
250
220
31
177
143
62
228
393
75
181
366
242
413
314
482
416
147
191
48
365
475
235
405
93
412
254
263
98
113
55
149
425
355
179
301
259
107
156
336
183
150
192
71
266
92
186
390
402
401
136
223
323
103
341
66
335
102
185
471
146
60
193
111
334
408
72
438
359
197
172
498
58
346
45
94
338
419
318
275
291
118
161
81
257
410
320
82
69
479
91
42
245
480
187
108
144
360
439
304
371
262
322
340
451
421
38
448
112
294
126
382
49
331
277
247
383
460
270
491
319
497
458
441
267
229
418
141
26
50
484
216
206
148
236
404
253
447
34
178
237
354
151
337
440
