10
13
5
20
12
6
2
1
25
18
4
21
14
9
11
3
22
17
8
15
23
19
16
7
24
224
122
359
392
355
192
84
500
178
323
357
247
186
290
262
476
277
256
239
375
339
478
125
211
419
417
303
341
64
448
316
114
284
330
498
220
159
33
212
272
295
222
162
245
164
351
408
95
58
120
158
302
442
60
332
195
76
281
32
259
271
237
148
444
193
46
74
187
121
47
176
446
167
210
305
63
363
470
62
378
435
455
304
43
279
28
238
333
197
85
467
160
353
82
487
345
462
317
194
66
172
252
480
465
107
94
423
301
215
80
436
135
460
156
188
429
65
235
35
299
405
466
309
383
142
221
242
286
321
189
165
228
200
411
155
490
432
128
439
396
374
36
179
206
338
49
424
266
255
400
365
217
452
98
308
473
180
260
401
48
161
324
31
288
389
190
90
263
236
37
273
486
464
441
463
