10
8
9
7
22
1
17
18
13
3
15
14
23
16
5
20
24
6
25
11
4
2
21
12
19
279
179
41
361
228
378
352
269
309
412
492
466
484
452
141
114
485
421
129
377
188
217
214
152
82
71
28
44
441
64
32
204
343
417
322
272
470
351
174
54
297
267
299
203
31
197
124
227
148
471
469
321
394
159
33
153
348
478
400
451
39
218
93
276
374
115
311
462
260
288
468
316
302
207
418
408
149
187
296
349
150
449
50
307
100
56
398
209
135
237
251
65
457
51
183
231
97
493
55
145
461
67
165
162
108
131
177
430
48
161
380
405
230
101
119
491
358
420
136
70
234
63
107
345
429
40
327
472
59
336
95
368
338
364
458
92
173
495
317
262
243
431
482
360
436
143
389
388
138
157
