12
3
17
25
11
23
24
20
7
14
10
22
5
21
4
8
1
6
18
16
13
2
15
9
19
67
99
43
230
161
176
489
306
435
142
166
421
482
95
265
356
412
211
360
262
196
204
298
198
133
57
474
115
287
75
129
165
450
276
118
280
35
377
137
481
361
418
441
120
206
350
205
119
261
222
180
365
291
426
379
131
101
434
442
492
323
172
38
147
104
151
121
221
106
471
409
486
479
348
134
195
167
238
140
36
345
334
404
152
29
454
108
282
376
228
315
368
201
256
328
372
366
45
340
400
383
427
125
26
183
83
491
468
85
352
367
139
52
462
461
197
68
390
73
248
94
398
339
53
305
342
293
455
189
411
28
253
78
96
388
402
299
30
313
410
82
456
130
259
241
428
252
114
79
314
