15
20
7
18
8
22
25
13
19
1
17
14
16
24
10
3
23
9
4
5
11
12
6
2
21
271
76
114
175
288
277
85
306
190
435
185
160
455
341
49
326
220
26
386
130
336
157
29
170
218
179
270
328
205
359
330
445
53
192
90
223
345
225
392
54
280
272
267
158
137
290
384
46
358
327
389
457
302
423
101
412
198
56
47
296
283
80
91
44
69
93
403
497
153
402
98
493
369
74
410
84
446
242
255
321
187
244
200
165
429
496
279
82
264
163
230
342
323
448
61
489
432
148
436
250
241
50
424
195
152
57
338
102
304
83
287
451
88
31
81
351
138
406
40
186
324
368
378
414
232
254
119
443
215
253
370
337
113
124
30
344
395
325
204
128
169
140
354
193
108
234
275
464
172
461
103
393
422
28
385
419
133
214
188
248
320
89
159
213
201
442
209
162
226
485
116
38
474
121
281
