23
16
18
22
25
11
19
6
10
4
8
1
2
3
14
12
7
24
13
21
5
15
20
17
9
339
320
149
356
250
73
199
351
192
396
421
208
375
203
180
236
397
153
418
145
498
303
307
234
430
193
395
398
425
283
399
57
38
313
59
128
68
439
123
71
121
359
381
415
264
62
140
285
403
465
330
70
453
372
207
49
107
355
244
61
158
424
67
328
463
162
377
413
181
388
335
94
407
58
299
444
226
111
408
64
197
458
182
484
449
491
154
157
301
446
205
344
175
148
294
343
260
233
496
186
266
188
66
225
41
77
267
409
500
195
293
100
200
104
86
387
378
482
33
26
369
390
109
436
258
