6
1
25
8
24
7
4
22
12
21
16
18
9
15
11
17
14
2
10
5
13
20
3
23
19
276
157
442
432
302
321
66
353
307
277
370
242
226
132
351
350
380
233
227
59
69
363
108
43
202
114
210
116
315
123
163
416
47
497
424
481
186
436
155
410
471
419
67
357
395
476
194
409
459
372
54
473
209
87
228
150
467
52
284
95
104
91
82
282
470
317
360
135
393
345
143
102
295
121
99
46
159
433
257
37
391
477
180
464
185
58
376
61
170
482
475
90
96
92
261
408
160
281
100
153
244
193
221
309
458
75
198
366
213
349
140
340
167
453
197
337
486
267
450
248
438
172
426
422
64
30
74
355
322
300
304
279
329
214
469
268
68
285
103
368
164
231
206
136
377
333
359
245
73
404
430
187
375
211
80
361
414
386
33
149
223
196
500
145
112
224
330
234
222
352
35
489
447
239
225
