7
21
10
1
13
18
20
17
16
11
23
9
25
14
5
15
8
2
24
3
22
4
6
12
19
252
26
238
462
295
57
156
497
400
289
498
28
363
169
132
290
81
415
366
272
63
251
266
226
265
454
163
240
426
77
325
401
258
220
342
340
54
100
160
464
93
418
116
76
282
114
253
388
425
267
394
182
162
254
438
33
413
436
60
142
172
444
496
309
495
311
390
443
323
312
130
500
416
40
164
222
399
431
189
234
58
422
90
428
440
166
405
286
341
334
227
370
478
302
285
139
108
37
148
174
255
136
231
494
64
445
480
250
419
68
122
244
128
300
150
453
42
103
327
123
61
149
319
176
188
