2
11
20
8
25
17
23
15
19
18
7
4
9
21
5
24
6
3
12
13
22
14
16
10
1
340
401
250
159
255
324
489
362
59
450
96
40
57
271
30
447
246
282
361
50
289
388
114
201
399
397
171
179
125
74
195
58
398
248
144
386
133
306
314
458
411
384
243
88
288
216
395
294
222
352
283
118
272
451
92
453
339
408
360
465
385
279
372
299
297
405
449
365
378
349
330
478
454
188
466
484
341
488
230
87
215
180
261
258
418
310
387
376
262
44
480
141
486
27
235
355
444
368
55
337
426
160
233
479
303
212
471
429
167
225
332
120
63
68
52
494
138
162
148
33
84
177
296
346
211
71
164
431
153
82
210
203
487
31
191
145
286
197
347
46
198
134
155
253
393
374
168
178
61
287
