16
25
5
8
13
11
10
14
21
7
1
17
15
3
20
23
24
4
22
6
18
12
9
19
2
162
407
372
305
279
47
276
249
471
289
489
39
263
40
292
388
437
394
441
399
327
210
195
442
445
146
270
434
222
391
247
119
363
362
101
371
113
350
257
474
161
478
497
439
382
242
127
375
172
385
468
181
483
307
219
480
414
120
390
282
360
294
37
384
338
160
273
149
82
171
477
140
259
335
185
241
240
464
230
302
286
366
226
54
30
291
376
495
102
352
454
175
244
472
487
142
285
446
148
410
337
317
368
218
71
311
88
72
73
137
45
138
431
128
225
397
406
354
110
123
466
392
357
346
428
48
342
370
304
180
196
319
248
272
278
188
152
482
212
227
331
62
163
224
234
46
365
197
223
192
