22
1
10
21
2
23
9
8
25
17
20
16
24
7
11
5
13
15
6
4
3
12
18
14
19
69
196
366
397
224
448
404
170
111
389
498
225
212
169
297
340
178
332
236
318
77
31
284
466
82
36
190
314
235
102
387
257
311
382
61
372
176
211
361
119
497
183
447
450
223
41
103
454
328
204
229
189
310
274
250
182
213
252
290
95
484
490
130
453
171
336
237
38
214
265
442
380
217
277
113
434
219
474
368
133
287
363
198
432
426
401
414
331
435
134
494
355
106
420
261
227
78
158
210
52
301
394
365
409
398
286
34
264
165
412
402
430
299
228
390
83
467
462
155
163
329
256
162
167
185
