10
14
12
21
2
25
13
9
15
11
20
24
23
7
22
5
17
1
3
16
19
4
18
8
6
445
258
100
442
397
184
492
315
348
167
185
75
61
230
225
392
411
451
219
99
402
296
172
306
307
44
239
441
301
366
154
31
421
56
275
250
425
298
289
359
168
34
45
202
354
206
386
58
483
499
463
170
186
193
331
399
182
120
340
482
500
379
158
97
459
424
472
385
423
428
102
393
55
63
91
418
139
464
151
215
135
161
310
300
389
189
214
77
468
109
461
208
69
401
328
365
351
226
465
490
257
92
123
450
200
361
128
40
278
51
79
64
28
247
273
245
407
479
290
59
199
196
152
294
311
119
93
36
471
57
302
268
430
163
494
98
349
355
291
314
201
330
130
244
165
414
191
122
358
400
484
43
440
376
390
498
420
453
60
210
72
42
33
280
203
435
396
80
427
262
27
212
371
86
308
