15
24
8
9
19
7
1
6
17
3
23
10
13
14
25
16
5
2
4
12
21
11
22
20
18
269
46
323
294
42
220
324
84
159
364
170
49
260
431
78
73
276
274
428
218
80
38
225
268
148
97
430
178
140
344
366
232
491
379
126
270
137
492
466
404
158
216
414
234
377
193
363
189
174
60
343
297
429
369
65
295
143
163
288
28
52
249
272
473
227
304
301
453
186
160
124
219
64
69
299
222
154
253
382
91
244
191
153
486
474
310
314
368
162
265
258
206
243
110
120
179
283
194
403
462
386
296
445
365
147
127
346
187
113
286
32
385
119
371
226
345
317
356
472
141
66
482
145
231
130
105
374
367
131
57
320
398
169
309
336
285
29
30
82
330
56
27
321
241
133
411
372
196
413
387
75
214
370
359
315
262
496
238
263
213
465
121
157
439
311
184
59
442
305
116
284
146
86
488
480
