12
1
2
9
7
22
8
10
18
15
6
24
21
11
19
13
4
17
14
23
16
3
5
20
25
500
44
371
238
369
356
404
364
422
107
466
166
157
496
219
232
498
442
401
483
70
454
423
439
92
335
476
357
186
61
473
273
491
456
471
311
139
440
165
252
192
104
197
445
260
29
150
321
385
378
163
33
347
343
178
279
242
360
26
282
47
472
492
487
89
111
77
259
52
101
151
333
258
425
99
450
299
116
495
428
169
411
363
247
481
368
179
221
387
408
377
409
255
393
380
479
140
125
292
112
294
126
31
40
201
209
469
489
432
79
389
253
257
482
43
71
490
318
223
313
86
340
372
127
263
41
199
284
468
76
373
438
117
78
298
234
82
162
106
216
374
194
458
46
416
226
295
205
115
266
36
131
467
120
265
81
94
305
285
118
410
460
245
34
283
123
124
119
493
90
35
153
176
338
167
