6
8
7
25
24
16
1
21
4
17
12
15
22
18
11
13
14
5
9
10
2
20
3
23
19
157
276
416
442
194
432
380
214
112
482
315
410
473
66
59
388
180
155
409
82
227
470
99
481
43
226
150
440
242
351
58
233
414
261
185
114
433
228
210
209
424
436
202
140
71
257
321
471
143
341
307
419
251
302
47
61
285
363
499
96
108
74
221
322
370
244
309
159
81
284
475
277
68
186
353
500
104
395
375
426
172
467
295
31
207
75
459
116
123
359
164
345
69
64
368
374
211
281
297
98
231
217
35
54
399
148
320
121
73
103
132
234
127
329
486
282
163
149
476
135
187
469
95
85
385
170
387
489
477
330
408
350
317
357
80
270
386
223
67
437
110
145
372
352
464
333
37
129
478
197
483
497
41
441
90
304
91
267
340
46
171
393
377
102
453
193
364
92
173
376
160
188
224
100
30
