7
25
15
11
24
1
4
14
6
13
16
18
9
12
22
3
21
20
23
19
8
10
2
17
5
307
279
348
240
235
454
353
415
190
379
229
262
247
236
375
333
138
286
226
158
306
69
301
99
295
400
433
401
423
292
182
490
302
125
462
406
299
32
227
129
443
408
344
107
78
280
317
108
471
420
214
366
296
134
309
110
203
258
149
96
63
30
376
403
300
429
364
185
496
184
114
36
194
323
484
146
274
46
413
81
269
65
50
466
276
267
448
352
434
272
330
66
52
193
372
357
271
458
355
113
314
64
79
327
183
407
447
362
200
398
460
414
230
231
74
100
325
216
186
270
187
176
195
312
188
204
467
393
464
324
71
284
232
303
237
451
101
55
390
170
387
224
95
474
234
140
477
76
254
155
143
127
162
168
197
47
70
369
239
319
444
54
402
169
248
165
161
217
493
361
245
87
455
388
72
