7
9
10
8
20
17
12
23
4
5
19
15
11
25
22
16
24
6
1
3
2
13
18
21
14
375
146
404
184
436
328
389
247
154
204
482
103
377
442
99
399
385
407
35
398
470
68
288
127
316
453
325
219
485
108
175
324
417
150
226
326
327
208
431
364
161
239
393
408
450
123
44
280
391
122
304
189
290
193
98
349
466
118
310
353
237
333
128
361
472
455
359
336
332
170
374
114
69
67
194
115
56
406
156
273
157
143
96
183
334
492
101
435
438
468
229
343
446
87
133
303
434
201
293
94
287
218
220
350
255
53
457
82
51
400
291
33
498
289
212
283
54
274
388
458
95
392
242
112
36
477
306
134
445
469
345
26
140
196
234
106
355
48
179
233
70
91
430
321
264
386
164
476
211
116
254
227
111
348
105
200
499
412
272
129
152
85
448
198
39
410
205
187
322
243
178
60
415
235
55
