16
2
9
19
23
10
4
24
1
3
13
14
6
22
21
17
11
8
15
12
20
5
18
25
7
189
371
358
369
120
339
205
379
332
60
133
477
388
404
206
399
292
77
470
219
127
102
462
236
195
139
108
334
333
438
187
391
367
434
415
167
31
448
91
161
489
479
421
287
89
288
436
86
478
201
374
397
475
254
281
456
357
376
40
118
162
96
155
159
100
370
381
304
202
251
435
408
148
107
215
487
423
413
30
350
308
68
458
98
82
352
49
221
497
372
407
433
138
282
285
54
181
43
496
498
262
56
279
366
390
319
67
382
451
240
33
430
500
485
278
210
163
177
84
457
306
157
154
300
289
422
385
242
318
76
186
229
394
465
329
360
72
230
81
73
274
213
101
380
418
28
326
398
400
231
443
141
212
111
402
104
115
466
432
270
32
63
51
345
284
124
362
255
378
88
151
495
405
310
275
