10
2
9
20
1
17
21
25
12
13
5
16
7
15
3
18
14
22
4
8
24
23
11
19
6
168
463
306
167
328
230
445
63
315
100
135
409
330
464
442
422
402
268
40
425
421
114
365
392
61
401
397
438
368
80
93
340
172
214
424
500
92
39
262
407
185
219
294
69
499
45
385
154
49
244
184
258
79
44
468
275
128
156
42
359
57
56
492
379
151
276
441
353
348
400
307
393
448
191
158
482
479
472
99
120
34
314
250
256
435
300
355
51
75
278
312
295
327
389
470
155
280
170
413
338
254
308
106
199
415
58
186
331
290
423
273
31
274
245
77
293
291
257
109
130
95
490
239
111
139
427
451
171
358
453
371
324
377
30
55
396
454
196
225
302
123
430
98
78
414
459
289
27
296
183
143
303
233
386
298
215
121
404
178
320
284
326
227
354
208
60
376
125
119
32
28
180
206
434
85
