10
20
1
15
16
24
25
7
4
14
5
21
17
11
3
19
8
12
9
23
6
18
13
2
22
186
360
207
344
465
305
299
174
92
469
263
407
179
379
449
140
373
169
296
433
62
243
126
242
53
347
499
290
402
80
491
355
400
85
384
42
60
334
300
188
361
205
87
297
451
477
380
233
313
57
287
200
301
440
352
28
335
79
417
486
363
467
252
26
163
36
198
238
35
372
108
482
481
306
222
444
422
411
494
33
27
146
93
175
443
237
359
455
176
468
418
64
218
139
318
454
495
281
148
480
38
39
164
232
409
429
109
282
204
220
427
230
317
414
436
107
75
493
367
211
246
54
269
434
445
68
81
99
55
177
141
459
421
308
266
173
303
201
343
328
478
387
150
97
165
462
137
197
226
466
