8
5
11
20
17
14
3
12
1
21
24
15
2
9
10
4
18
22
25
6
19
23
13
16
7
370
227
320
396
257
319
434
372
243
373
204
493
385
291
79
300
190
203
401
248
480
421
374
278
405
53
264
327
282
375
141
228
189
483
131
395
91
491
59
394
214
411
94
417
274
126
468
437
387
369
283
206
481
168
216
426
265
48
488
207
35
60
330
312
252
267
157
222
428
262
478
347
419
487
240
271
183
305
484
76
197
445
423
376
382
420
402
456
50
148
422
78
246
498
415
113
119
316
363
391
473
92
464
182
163
65
143
357
97
460
447
179
318
55
95
389
176
334
489
453
71
37
105
249
366
99
392
205
406
412
63
74
68
335
41
416
326
315
254
235
377
221
399
242
100
444
234
241
266
359
344
166
210
199
343
152
33
194
475
88
167
67
165
256
293
106
301
429
328
30
462
118
307
31
367
