24
22
14
23
18
20
15
7
25
10
16
1
21
17
4
3
9
8
11
19
13
6
12
5
2
210
335
185
415
262
158
178
366
334
449
327
232
372
387
353
355
191
47
356
80
105
268
400
257
59
145
142
97
40
362
294
267
100
195
123
437
332
371
139
337
165
159
401
329
154
108
161
446
429
140
500
118
63
28
322
137
111
275
66
454
121
113
436
225
217
153
117
72
305
498
413
208
295
188
451
374
423
468
443
205
330
39
444
141
308
238
354
306
369
494
453
348
376
499
428
95
320
114
110
314
150
331
230
68
202
60
350
187
417
307
464
46
87
258
288
134
229
43
48
309
224
116
431
358
211
174
90
393
424
349
183
239
245
216
169
49
333
29
209
297
471
136
71
99
418
425
213
256
339
112
