12
2
9
1
7
21
22
10
17
15
13
24
18
11
14
6
19
4
23
8
16
25
3
20
5
44
500
498
423
232
335
371
369
422
483
466
404
29
454
439
197
456
238
166
104
496
356
385
219
27
221
360
77
411
440
252
279
186
476
364
321
393
120
401
101
125
365
432
33
157
241
263
473
178
374
492
163
92
139
253
414
150
409
31
442
179
26
112
357
257
450
378
343
201
106
487
387
468
149
481
86
318
415
162
354
399
259
329
107
209
205
117
299
333
61
216
36
479
368
79
340
172
169
34
266
165
123
118
47
372
428
453
151
491
245
447
273
425
82
471
472
389
497
140
300
294
489
40
448
495
28
296
71
295
223
215
124
363
408
292
338
344
78
188
194
310
192
35
445
199
255
410
226
46
202
