12
2
22
9
1
15
19
24
7
18
23
17
4
10
6
8
13
21
14
11
16
20
25
3
5
371
186
500
335
238
356
44
232
454
299
364
498
166
369
179
252
456
104
476
70
150
273
439
423
440
466
125
140
432
292
404
479
311
483
241
178
442
357
385
165
26
279
333
401
157
266
120
219
259
99
197
473
453
321
169
84
414
495
306
77
71
492
149
40
112
445
253
487
468
257
411
163
116
29
471
318
408
282
481
61
209
139
373
343
368
255
245
374
47
33
387
284
313
372
425
172
491
31
221
365
126
428
298
162
65
199
192
427
111
280
260
258
118
380
223
106
201
489
247
107
422
472
360
82
27
450
377
210
53
417
263
294
92
275
250
338
123
347
244
497
170
46
52
212
234
190
256
426
316
101
