10
20
12
25
5
13
2
1
6
18
21
11
14
9
4
17
8
3
15
23
22
19
16
7
24
192
122
290
211
84
465
62
500
355
239
353
446
392
158
359
224
178
172
323
303
256
167
378
302
448
351
295
357
271
332
121
284
478
467
210
262
316
164
64
179
66
476
76
341
417
193
82
498
186
60
330
35
272
155
245
259
423
159
235
222
419
28
304
120
226
363
336
333
396
114
165
452
221
432
47
345
95
212
444
487
220
380
339
301
286
252
266
36
255
400
194
466
59
160
43
197
480
142
107
436
161
430
305
63
73
80
247
148
411
71
338
324
187
69
374
299
48
460
317
115
162
46
156
200
358
180
251
308
405
490
58
208
279
484
401
362
195
38
292
56
439
147
297
486
229
188
288
37
83
237
441
385
321
282
209
494
473
263
49
91
78
135
386
463
365
475
31
241
236
425
354
329
347
137
228
