8
17
7
5
10
9
4
25
20
12
15
19
23
11
13
22
16
18
6
24
3
2
1
21
14
108
87
68
150
328
96
436
103
399
355
482
391
448
72
408
233
485
404
455
340
398
413
44
133
218
152
70
226
208
349
470
303
127
365
496
453
227
183
450
69
469
84
253
468
446
128
194
247
273
353
431
204
257
86
101
343
178
119
434
445
184
457
124
388
291
41
375
290
99
56
400
118
325
98
324
359
145
47
48
345
35
393
316
289
322
327
97
52
274
377
237
425
392
106
112
477
407
438
180
500
161
272
288
67
347
364
154
333
51
36
354
412
306
196
389
334
62
435
305
75
177
424
219
458
315
156
463
234
472
220
197
100
499
406
173
301
264
200
29
442
201
88
326
28
259
452
410
146
95
190
341
330
157
140
314
380
175
310
228
109
491
189
148
239
238
80
260
142
169
229
172
386
271
85
198
