8
20
5
3
14
1
12
21
17
10
11
25
4
15
9
2
24
18
22
6
19
23
7
16
13
396
300
319
53
434
405
373
370
71
204
216
387
493
227
372
382
320
453
126
278
79
385
411
141
207
491
130
421
168
271
464
221
395
282
83
97
307
163
228
190
347
369
199
179
391
198
283
374
225
417
206
291
257
326
423
203
377
478
262
415
157
183
489
444
264
248
392
131
119
428
230
214
437
246
375
94
419
389
363
456
240
236
356
148
35
460
480
243
60
468
267
401
332
318
59
99
327
488
473
420
265
475
48
63
41
310
483
462
274
487
89
252
78
50
256
217
323
254
297
484
430
365
164
31
213
309
261
143
37
66
42
72
498
224
447
322
176
95
379
481
68
312
358
496
476
88
242
344
136
266
77
357
277
454
472
305
222
237
76
397
427
366
205
402
486
251
249
235
367
331
426
371
284
334
399
