20
10
25
1
16
17
15
24
14
23
8
5
4
7
21
3
6
19
11
18
13
12
2
9
22
92
186
491
252
36
60
363
433
179
355
140
417
79
477
165
380
200
411
465
423
174
360
40
290
147
57
205
352
469
162
482
436
344
443
222
56
299
62
75
347
499
201
282
407
335
212
343
33
80
123
459
93
109
413
269
175
85
150
384
39
287
242
38
246
207
484
496
314
163
494
99
359
273
169
451
244
243
296
315
478
479
328
318
349
42
305
495
440
28
173
87
434
46
53
475
306
55
481
297
480
390
367
211
375
58
176
435
218
122
233
131
362
227
219
288
489
35
309
334
387
376
441
194
358
424
