9
10
8
7
1
22
17
18
15
13
14
23
3
25
16
5
12
20
21
2
4
19
6
24
11
179
41
352
361
279
228
421
377
466
28
204
141
441
297
309
412
485
269
148
188
484
54
124
64
311
33
153
307
93
32
478
380
378
343
197
214
351
44
468
174
152
115
322
217
400
394
452
470
398
299
288
131
408
50
471
159
281
374
251
417
135
227
231
492
203
71
469
177
272
462
209
56
349
461
39
65
296
162
333
431
348
457
70
145
51
344
67
405
108
449
59
187
436
260
63
276
161
101
364
420
150
97
368
218
418
358
383
262
345
48
387
482
472
491
40
391
327
316
338
321
95
165
458
451
167
