10
25
20
13
2
21
5
12
1
6
11
17
14
9
4
18
22
8
3
15
16
23
19
7
24
192
178
211
392
359
303
122
323
84
239
355
272
500
256
341
62
114
186
478
220
210
224
357
295
284
375
82
435
351
330
172
262
339
247
277
290
302
179
304
476
498
408
47
448
467
345
259
76
128
212
271
242
363
167
432
316
159
436
465
490
165
301
85
221
222
158
195
317
64
308
336
446
419
332
156
470
66
120
60
460
162
265
252
462
155
333
107
46
423
429
33
63
148
444
28
338
188
365
383
229
452
58
260
43
135
189
424
71
217
125
245
142
292
32
180
206
324
197
350
417
235
65
288
160
404
