24
21
10
19
3
2
17
18
13
16
4
7
23
14
8
25
9
11
15
20
22
5
1
6
12
65
237
43
332
226
277
126
405
162
187
98
313
104
341
361
473
221
329
161
436
296
197
34
483
50
463
213
315
297
206
376
499
493
334
210
467
246
108
79
113
468
183
378
88
403
461
261
471
196
110
36
319
466
289
100
149
459
242
172
421
251
347
414
57
412
167
140
427
200
462
268
156
217
252
112
71
469
366
191
417
487
362
173
219
404
133
357
349
318
93
101
58
250
330
444
106
54
439
199
45
328
151
476
365
115
154
264
306
280
269
69
131
457
415
96
327
207
372
486
420
170
127
222
158
346
35
78
478
431
116
118
278
271
203
470
157
55
244
27
233
363
284
380
335
84
369
281
256
484
410
435
416
227
31
122
276
241
86
490
355
257
446
135
283
422
239
39
377
64
382
273
166
168
440
76
