8
11
2
22
16
21
23
24
5
15
3
17
19
25
18
7
12
6
4
10
1
13
9
14
20
205
499
191
237
251
276
420
211
202
81
277
279
360
84
201
351
125
470
349
30
495
298
46
414
68
227
224
173
487
89
34
444
367
272
83
368
128
301
187
181
366
162
129
252
101
498
219
56
29
471
480
419
490
102
374
384
304
331
250
433
199
452
184
460
285
268
99
312
190
459
318
376
450
200
377
126
156
222
286
229
130
167
76
100
122
345
182
265
408
240
160
108
106
144
123
143
255
435
244
207
355
241
117
358
308
82
295
26
350
347
148
443
336
63
425
481
210
390
204
254
54
428
115
186
340
