2
16
9
19
4
10
23
24
22
15
14
1
21
20
17
13
6
11
5
12
3
25
8
7
18
189
379
371
462
358
369
133
60
477
334
332
470
435
205
120
236
367
388
102
206
399
155
127
372
167
404
479
201
350
339
456
195
40
487
157
391
281
421
86
98
448
162
370
43
489
287
434
31
187
219
438
148
430
251
408
498
77
357
68
496
186
333
139
292
288
423
397
318
118
436
443
279
415
413
300
478
30
54
89
212
161
376
255
381
240
282
218
91
433
177
33
108
308
458
100
432
319
457
84
181
306
229
374
254
221
215
111
56
242
451
49
398
407
402
497
289
28
159
87
405
475
184
380
428
39
