24
21
3
19
18
17
10
2
16
13
8
7
20
4
14
11
23
25
6
22
9
15
1
5
12
65
313
332
226
43
213
161
197
487
405
341
98
361
154
162
173
100
206
277
256
35
246
436
165
104
196
459
36
297
328
79
149
468
412
140
113
183
410
376
237
167
469
420
493
242
296
461
440
116
417
88
334
133
366
268
349
156
306
319
126
499
106
318
439
470
108
127
449
222
110
427
365
476
157
357
160
200
271
264
483
478
471
109
431
462
489
467
404
210
250
34
191
231
217
289
335
71
58
70
93
219
151
227
199
397
131
346
416
457
118
55
327
207
330
375
466
99
414
101
141
355
269
473
494
367
353
135
463
29
224
86
80
187
115
362
315
383
298
96
248
479
122
447
286
356
233
482
221
198
172
437
281
369
112
103
52
54
74
45
360
486
465
388
481
84
472
419
422
338
283
438
235
212
329
309
