11
7
8
21
5
1
16
9
18
19
24
22
3
14
6
13
15
17
2
20
12
23
25
4
10
202
469
377
210
242
149
244
197
472
326
287
334
471
272
423
492
203
166
107
147
99
442
133
182
493
279
400
388
425
383
218
163
100
36
448
152
284
226
241
393
76
155
161
111
320
61
462
475
116
83
382
257
216
126
79
406
137
341
176
337
371
359
101
32
333
430
69
402
171
130
330
39
263
461
421
312
413
196
418
75
420
437
385
404
77
427
456
276
58
250
349
249
80
367
56
174
395
30
490
374
391
361
245
356
71
51
104
328
314
128
88
106
283
55
409
292
52
360
78
353
105
325
63
146
424
281
486
468
407
478
445
193
494
477
132
253
476
168
457
239
342
169
158
164
282
162
41
373
188
372
443
47
398
86
134
293
221
201
70
446
234
40
322
355
300
376
294
438
142
267
184
258
399
491
344
