12
2
9
1
6
7
10
22
18
8
11
17
13
21
15
19
23
4
3
5
25
16
24
20
14
385
447
500
498
442
404
232
356
408
360
432
369
295
371
106
428
29
92
186
422
492
496
104
348
238
335
279
123
116
163
151
197
357
411
483
476
150
333
466
456
273
178
28
61
439
252
166
101
364
125
179
153
377
423
199
257
469
378
489
140
495
299
329
420
223
255
363
440
76
107
221
449
109
209
338
84
316
443
139
354
172
282
111
401
44
157
112
78
387
201
306
234
219
479
393
26
347
425
117
263
70
490
445
300
259
486
414
142
323
86
491
260
305
318
283
343
195
210
471
183
391
487
284
247
374
27
40
35
450
99
188
82
62
59
192
473
31
41
365
245
481
71
460
127
265
372
458
493
467
47
