24
14
18
22
13
16
25
20
3
7
17
15
23
10
1
9
5
12
8
4
11
19
6
21
2
306
53
402
336
241
85
277
267
220
392
435
403
242
369
429
341
187
436
304
163
280
327
157
98
328
80
130
113
457
114
57
218
230
395
29
384
324
83
461
406
412
76
326
84
320
414
432
158
214
351
128
493
359
119
148
103
28
287
389
31
205
445
74
194
497
201
410
275
152
209
386
165
342
40
61
81
56
150
344
93
49
112
26
451
215
368
244
255
101
137
296
271
321
47
345
170
58
309
91
127
444
442
482
46
424
179
44
223
419
272
422
236
234
200
133
124
338
186
159
140
30
496
370
279
278
