10
21
15
3
19
13
20
22
6
16
17
24
25
12
5
14
7
18
4
11
9
8
2
1
23
230
104
441
57
420
367
134
137
188
463
73
219
500
293
276
429
243
56
359
129
474
100
181
328
256
472
34
469
223
357
167
339
464
232
439
347
290
370
419
338
237
42
208
427
139
350
304
83
140
209
206
79
123
150
132
107
190
377
310
363
389
442
329
94
264
433
174
270
456
499
312
205
492
70
99
186
160
368
305
122
378
447
281
162
136
351
90
183
131
466
330
418
179
145
402
149
93
146
450
161
157
478
352
301
314
371
349
477
413
194
334
307
283
491
366
395
388
494
76
151
409
154
135
341
29
