19
9
16
15
21
4
2
23
3
22
24
1
6
10
12
14
11
18
8
20
7
17
13
5
25
379
477
177
195
462
489
205
206
371
497
391
434
60
438
189
276
350
120
479
421
399
466
332
456
108
423
162
96
492
100
155
167
435
49
377
82
417
300
30
270
242
304
86
365
432
31
369
218
397
281
372
240
436
72
287
306
400
133
381
47
382
323
77
254
139
362
458
35
448
418
215
201
367
388
394
333
285
405
91
113
173
308
159
170
415
337
127
56
81
157
472
487
475
85
69
279
328
33
186
290
264
422
148
61
40
166
329
123
461
163
184
289
251
465
396
307
339
198
89
275
262
111
46
370
420
