14
15
24
7
4
21
1
11
25
9
13
6
22
16
8
20
12
18
2
19
3
5
23
17
10
307
236
63
279
190
30
229
188
240
357
353
200
158
317
420
348
462
414
375
309
413
109
113
299
286
87
458
276
237
127
193
178
447
287
295
474
292
388
365
364
379
59
138
344
302
239
443
361
351
182
401
185
429
79
408
423
306
490
96
232
86
207
300
205
407
290
184
355
446
32
466
136
110
81
108
247
481
212
372
434
125
338
141
155
303
471
325
143
412
294
204
227
52
149
175
415
499
235
301
26
60
366
327
343
454
117
398
377
129
436
226
333
47
433
376
265
169
78
230
72
270
489
320
216
36
371
330
241
314
255
402
252
391
245
280
269
151
67
203
195
161
374
262
495
56
390
100
170
485
273
