22
1
21
16
6
7
9
19
20
18
2
23
24
5
12
3
10
13
4
11
14
17
15
8
25
459
456
231
414
498
221
416
423
435
213
311
314
454
93
220
426
161
214
481
250
48
107
149
254
473
197
191
26
110
405
308
179
246
143
323
53
452
242
232
227
126
403
52
183
472
31
257
147
301
425
412
256
62
419
320
150
350
244
75
156
98
399
341
245
451
393
263
331
30
72
219
248
91
413
366
172
51
186
92
369
140
464
359
275
495
266
201
433
76
187
185
448
365
458
441
279
38
479
181
394
55
136
206
178
468
303
402
45
438
443
141
113
203
373
208
401
385
390
315
449
108
241
432
351
151
