10
2
20
25
13
5
21
9
12
1
8
3
22
23
17
18
6
16
11
14
7
24
15
19
4
135
315
168
479
63
402
61
445
185
219
230
40
442
463
184
256
225
359
500
167
39
306
326
353
340
99
156
425
470
250
123
379
45
276
245
338
275
154
42
482
106
56
119
273
120
393
34
392
330
358
307
126
233
295
93
407
397
239
92
80
44
453
172
49
435
203
139
55
411
291
244
314
191
254
128
214
258
186
468
100
261
377
400
424
328
389
31
441
327
483
499
414
58
472
308
268
51
235
451
27
130
32
464
158
396
171
422
199
75
324
71
303
33
143
355
418
111
53
196
78
64
180
30
302
293
28
296
125
222
459
423
103
492
206
163
431
147
257
448
210
98
454
289
60
274
365
278
390
348
43
