14
4
12
3
2
15
17
23
6
25
22
20
9
11
7
21
13
18
16
24
8
5
19
10
1
87
245
383
419
27
134
77
288
183
154
443
197
175
73
137
370
220
63
342
441
222
159
216
229
394
104
56
267
305
123
387
319
356
192
188
303
445
141
103
111
28
265
155
224
413
236
151
362
57
162
184
120
453
390
397
169
174
254
43
381
479
359
360
301
317
332
177
380
344
368
310
116
72
386
221
272
408
372
55
325
146
212
412
143
144
472
465
374
454
217
375
467
482
449
464
128
238
295
200
228
29
409
198
291
102
421
253
239
207
233
74
117
341
320
64
204
48
130
393
69
458
333
37
410
211
35
179
208
99
490
302
474
347
401
250
108
235
156
41
431
417
80
451
447
455
461
306
496
378
193
