2
8
11
15
25
17
20
9
18
23
14
19
7
4
5
24
21
1
3
13
6
16
12
22
10
340
250
401
282
489
159
255
96
450
59
324
30
271
447
362
361
40
399
92
289
180
346
50
341
360
243
144
355
230
58
294
380
201
57
246
411
88
384
133
299
215
388
408
125
171
397
352
449
378
349
248
118
288
431
258
114
376
386
222
179
458
339
310
314
429
465
279
395
296
283
365
451
153
444
485
68
297
262
120
195
478
494
332
33
306
483
233
330
487
372
167
488
480
197
216
108
207
405
130
212
71
235
84
74
387
272
56
286
454
261
417
426
141
63
316
168
162
55
334
44
479
418
155
87
354
303
177
52
198
385
145
160
466
390
27
225
82
486
47
150
103
471
178
203
224
164
253
191
368
337
31
210
455
211
312
217
484
347
292
270
226
499
328
238
148
61
182
46
158
364
393
477
374
318
134
