8
7
11
21
16
1
5
24
22
6
3
14
18
19
17
13
15
10
9
2
4
20
25
12
23
210
445
471
469
349
493
329
218
272
239
152
36
182
61
448
126
133
407
268
76
263
333
99
312
400
63
453
383
75
476
326
52
39
116
111
430
419
442
197
137
249
58
280
216
101
287
377
371
486
391
327
226
110
166
320
83
342
203
499
219
257
404
158
475
176
30
435
472
328
395
281
106
202
498
79
366
73
388
461
361
465
128
41
163
284
298
403
279
340
402
105
47
149
168
276
292
382
162
71
50
48
413
436
492
441
32
77
135
421
250
195
69
91
456
330
381
425
171
338
221
321
134
293
355
86
