10
21
19
15
3
13
16
6
20
22
25
17
7
12
24
4
11
14
5
18
9
8
2
1
23
420
137
230
367
500
441
188
57
104
243
350
100
463
134
276
429
73
339
34
328
139
190
492
129
277
56
304
70
474
450
38
167
389
223
150
329
281
378
377
357
464
368
363
256
293
132
140
131
83
219
79
314
161
472
183
181
312
237
438
477
359
395
419
338
469
447
483
76
145
305
418
402
351
123
439
347
232
194
174
90
388
99
146
456
478
42
107
136
94
466
361
442
379
499
427
385
371
81
208
433
290
206
270
122
205
162
264
160
186
29
330
209
179
157
93
283
496
149
265
341
301
91
349
169
151
26
491
310
366
52
229
175
235
60
259
154
372
409
334
352
249
317
370
428
313
295
255
353
423
165
