21
3
24
2
17
19
10
16
4
13
23
8
25
7
18
9
11
14
15
22
20
5
1
12
6
65
43
226
332
313
213
436
341
100
197
405
196
361
88
162
246
172
200
50
296
242
463
334
461
126
161
98
493
217
199
206
183
297
277
110
376
210
478
104
471
108
237
251
414
79
221
483
289
319
357
318
444
466
315
329
467
372
327
417
112
473
462
101
151
71
366
431
380
404
36
469
122
55
468
96
362
412
133
421
222
264
349
328
140
157
58
113
269
457
54
415
173
459
156
420
427
487
377
347
330
378
207
35
106
45
281
410
34
261
422
403
365
355
439
76
233
227
352
486
84
154
244
470
127
78
194
48
57
250
268
109
170
416
316
335
99
241
167
191
131
115
476
214
239
93
118
86
39
383
283
