7
14
20
17
8
13
16
1
5
18
21
9
2
6
22
3
12
23
4
11
10
19
25
15
24
177
256
218
226
129
443
204
165
455
216
189
451
230
288
294
50
480
101
466
238
264
123
467
247
461
231
289
470
153
38
235
46
122
145
55
144
164
459
341
367
438
172
246
139
213
430
349
191
100
118
141
357
403
400
336
178
281
96
188
384
477
339
90
368
363
381
300
185
51
325
135
31
257
215
78
155
47
104
70
314
416
475
463
89
395
250
292
248
478
337
271
154
210
423
92
354
460
45
411
268
378
212
40
192
262
327
283
345
322
454
391
71
180
427
49
27
361
124
426
198
60
446
317
109
208
301
280
175
413
195
306
199
260
282
61
242
491
318
422
219
234
223
287
166
255
355
434
453
320
410
