10
21
15
13
3
17
4
7
19
16
6
22
20
14
11
18
24
5
25
8
12
2
23
9
1
134
137
500
359
276
34
363
139
181
463
188
104
304
131
312
314
389
441
140
132
56
223
367
469
418
420
90
57
301
128
149
190
219
105
442
162
145
315
93
183
466
350
385
264
290
186
305
136
94
347
357
107
26
464
100
61
313
38
67
146
351
447
115
492
209
83
283
368
95
243
308
277
393
230
288
409
328
413
205
185
353
98
250
491
450
169
456
375
157
293
198
439
297
342
370
281
70
329
494
433
156
167
377
429
259
388
84
40
91
307
54
226
174
414
150
206
354
265
252
361
39
302
160
419
427
317
99
179
473
101
272
64
336
378
76
392
374
125
303
369
229
163
477
310
135
438
415
432
117
175
