9
19
16
4
2
21
3
10
15
24
6
23
22
8
1
14
18
20
7
13
11
5
12
17
25
477
195
379
434
350
462
366
479
230
30
206
466
77
497
399
421
438
391
432
189
489
28
133
60
205
108
91
31
276
362
187
365
72
488
308
68
367
436
240
281
181
82
358
470
492
287
371
332
372
423
104
242
435
369
120
159
138
400
416
85
218
323
413
127
478
472
215
377
96
456
418
382
300
167
139
262
162
304
69
404
254
229
415
155
201
170
422
100
394
419
49
458
363
282
270
397
306
111
288
40
487
333
381
98
475
186
86
33
81
163
450
251
279
219
177
388
113
329
198
264
292
289
448
310
330
35
420
370
326
89
445
123
334
67
285
275
380
443
107
357
166
459
56
417
396
184
47
157
73
402
173
465
433
274
339
174
61
498
296
360
153
309
210
87
337
66
405
307
54
76
305
430
468
202
78
