22
7
19
17
13
10
1
3
16
12
24
5
20
6
21
14
25
23
18
9
2
8
15
11
4
391
378
495
399
111
331
362
94
44
81
375
229
374
433
305
313
103
446
282
241
500
30
437
139
43
85
443
299
455
75
196
79
289
207
255
461
225
112
319
119
324
214
116
53
203
55
271
292
488
61
447
101
436
135
344
137
29
252
251
358
472
435
215
123
146
281
452
276
380
341
35
141
404
247
147
136
145
327
144
66
178
253
36
125
76
333
390
499
361
279
134
199
183
106
326
208
469
467
278
348
350
448
280
417
496
273
70
244
128
120
432
342
270
311
37
293
265
274
321
400
100
118
325
386
161
272
143
330
413
352
129
490
62
409
459
460
468
115
336
287
72
159
77
498
261
412
398
424
82
339
268
419
401
415
381
210
462
363
59
303
166
164
411
310
402
89
296
239
438
187
90
343
258
80
117
