22
7
6
23
13
14
3
4
15
1
17
16
10
12
21
11
19
20
9
5
8
25
24
18
2
147
473
495
119
85
467
488
116
44
203
79
378
81
128
399
358
391
498
196
30
215
207
161
344
455
305
144
252
331
375
409
350
274
461
241
169
280
75
472
136
261
229
341
433
400
118
35
386
361
36
326
292
178
112
413
130
287
324
225
184
389
327
103
362
296
139
432
220
100
487
313
137
214
59
246
436
80
279
255
402
183
129
271
354
289
374
111
404
273
342
107
414
55
94
29
115
208
146
43
351
447
486
451
314
419
411
437
446
114
489
311
244
462
145
385
388
282
315
475
299
53
134
187
49
346
460
333
310
364
135
490
199
209
74
90
381
270
66
390
141
150
263
251
177
283
435
288
247
265
398
