15
8
24
19
9
7
6
10
1
23
17
3
14
2
13
12
25
5
16
21
4
22
11
20
18
260
269
170
159
78
49
366
428
272
187
282
220
243
314
286
73
492
140
377
369
121
288
264
232
46
363
385
191
235
56
324
383
276
491
38
234
279
256
311
209
376
308
414
178
65
52
344
143
193
299
194
51
113
297
115
55
323
223
227
210
145
42
429
445
200
345
174
147
225
462
130
346
249
28
102
222
84
295
146
398
365
97
213
148
32
158
284
124
354
160
69
473
169
86
162
312
432
274
53
252
133
66
466
240
343
336
495
453
482
255
239
404
177
403
206
289
364
472
338
371
500
119
320
219
100
281
80
189
265
431
419
310
150
117
379
430
291
47
489
258
474
185
342
58
374
263
268
468
205
153
