7
13
10
5
17
12
22
3
1
14
16
19
21
24
20
2
6
9
23
8
4
15
18
11
25
391
495
362
378
331
313
375
44
94
433
103
111
112
282
139
305
437
229
55
446
116
43
374
461
207
241
358
147
79
361
488
53
399
123
75
280
500
404
225
81
252
276
214
161
125
472
251
289
436
136
178
253
85
215
467
319
299
292
468
270
183
135
144
128
101
29
70
30
344
432
271
413
324
146
321
273
330
199
380
278
244
118
134
35
336
247
342
327
499
341
352
447
61
66
452
469
350
459
333
145
496
106
196
409
386
381
129
460
261
119
303
89
398
339
265
326
400
62
115
363
293
310
412
239
435
325
443
417
141
72
490
448
287
274
268
176
186
137
102
455
451
255
424
159
37
411
444
100
65
220
