6
7
24
8
1
25
4
22
18
12
16
17
21
15
9
14
10
11
13
20
2
5
3
23
19
276
157
302
59
357
353
380
307
233
227
116
476
442
123
114
351
432
481
194
150
135
410
395
140
226
424
209
155
497
66
321
350
419
482
363
315
159
210
96
228
43
186
376
185
95
242
436
47
345
370
202
470
372
475
416
68
99
277
163
281
193
473
82
433
261
477
471
91
170
368
284
64
464
180
409
172
198
30
35
61
422
393
149
102
58
426
37
46
257
80
69
295
100
90
153
317
391
108
52
221
110
377
267
467
60
337
132
214
460
360
160
450
430
164
67
81
33
213
73
340
282
75
145
207
361
121
461
381
438
458
309
408
469
54
414
362
31
300
279
359
223
447
486
98
440
388
211
93
329
371
