10
20
25
1
17
7
5
15
4
23
16
24
21
19
14
8
11
3
12
18
6
13
2
22
9
360
363
434
352
62
493
92
465
305
491
201
407
402
207
238
266
42
347
214
318
186
28
205
188
33
487
290
174
418
344
499
85
494
200
444
486
495
53
299
140
107
147
482
79
179
382
269
60
56
268
300
304
468
242
39
220
38
355
387
343
212
441
433
374
187
478
169
384
359
469
423
297
162
443
379
252
108
282
400
109
480
454
36
175
440
165
303
477
380
472
366
449
87
163
99
422
91
159
65
97
54
481
313
267
373
144
100
393
490
325
306
44
233
467
146
122
123
245
281
46
311
436
80
104
237
