7
15
11
18
9
16
25
20
14
6
13
24
22
12
8
3
21
4
1
23
19
5
10
2
17
190
307
400
230
286
306
348
454
299
375
36
279
69
387
420
317
414
433
364
379
30
125
110
207
182
477
262
344
357
301
194
327
280
260
87
81
429
52
267
255
462
325
229
227
127
65
372
292
235
451
258
302
158
237
312
239
129
490
300
287
434
226
475
343
423
240
406
471
208
214
296
146
236
241
195
332
415
485
393
186
74
245
216
134
204
388
57
70
147
408
209
335
117
333
500
178
64
403
361
192
398
253
220
353
205
185
203
340
444
47
107
324
173
474
67
132
217
467
183
323
228
251
447
413
98
309
421
484
443
201
448
276
288
96
43
303
436
234
101
466
254
151
50
95
32
175
105
455
113
272
