4
14
12
3
2
6
17
23
15
13
25
20
18
7
11
24
22
9
16
21
8
10
19
5
1
63
87
183
222
383
413
408
134
245
146
453
272
451
141
359
104
55
342
175
254
197
443
229
77
344
137
159
154
472
461
116
27
123
347
419
474
458
188
43
397
73
278
174
184
120
220
467
447
319
288
133
155
465
468
317
356
236
235
394
28
165
177
221
151
48
362
441
144
267
56
332
380
305
303
250
370
410
375
192
310
371
186
482
497
136
273
207
204
216
224
393
230
325
130
377
29
198
295
386
76
372
449
409
189
398
308
360
108
490
479
127
145
286
429
74
381
495
109
210
423
407
333
390
95
439
107
421
496
444
162
38
228
212
193
44
368
88
195
341
233
389
217
111
50
72
92
143
445
387
105
169
401
475
231
103
431
57
454
200
417
36
35
289
179
223
172
166
31
211
294
382
364
91
265
152
