1
9
21
22
6
23
7
10
16
3
12
19
20
24
4
18
15
5
13
2
11
17
14
8
25
459
149
454
254
53
423
231
435
331
311
51
366
93
416
48
456
186
183
245
143
221
414
451
214
403
308
232
244
248
181
98
107
438
472
179
256
257
426
437
399
220
147
413
452
394
419
30
263
213
393
110
156
301
161
314
246
418
498
89
126
116
341
405
76
31
75
495
412
250
113
480
55
197
320
332
458
323
266
484
479
402
141
481
369
336
242
52
201
150
449
216
338
136
191
473
185
227
359
390
109
335
441
94
62
468
78
26
309
146
303
275
464
184
322
72
488
187
206
45
425
49
38
47
350
91
482
172
330
443
82
365
177
291
40
212
34
208
193
401
259
80
318
198
95
102
140
354
324
228
410
106
171
422
203
497
90
178
471
367
104
112
272
432
67
430
129
118
66
235
391
368
450
218
460
433
