20
17
5
8
11
7
19
4
10
15
12
9
25
16
13
23
18
22
21
6
3
1
24
14
2
150
453
375
70
393
345
468
398
404
194
349
103
328
455
226
61
119
482
388
412
48
406
273
264
450
44
355
68
389
138
237
127
161
152
193
408
457
499
291
257
290
87
458
128
448
118
434
442
385
191
470
331
247
124
431
288
220
36
316
419
133
274
356
391
208
204
305
469
496
218
289
399
340
100
446
129
219
353
259
58
326
445
187
334
330
430
377
303
156
392
333
443
62
69
108
75
338
481
478
146
99
324
435
164
449
28
98
487
101
329
184
195
73
477
500
233
198
196
82
66
407
413
211
181
306
