14
17
8
5
13
7
2
20
18
16
1
21
19
6
12
9
25
3
22
23
4
11
15
24
10
145
141
101
367
247
177
204
424
118
51
468
470
40
250
46
451
257
189
231
180
155
432
436
256
129
238
458
230
357
403
480
188
430
139
341
171
300
443
190
391
50
123
325
90
246
466
235
336
294
410
223
422
218
281
396
104
210
264
228
348
439
375
75
38
144
459
197
239
78
318
109
87
191
153
368
398
178
407
208
381
79
261
262
339
260
492
352
148
411
371
461
435
175
133
269
274
212
289
452
405
89
159
122
31
434
99
92
399
409
160
216
185
138
70
127
58
469
45
288
60
478
215
400
81
71
120
234
413
149
195
414
201
346
244
328
126
229
426
438
158
213
448
475
57
88
431
100
173
416
73
327
319
455
355
412
54
460
226
96
465
59
283
76
404
43
453
309
52
308
417
342
34
137
321
47
