7
17
21
13
20
25
16
11
15
23
9
5
1
10
18
2
14
6
12
8
22
4
3
24
19
252
265
244
401
334
189
366
220
156
394
288
427
251
419
462
364
478
341
238
231
388
164
454
426
345
494
234
258
223
64
325
266
289
240
132
474
360
135
78
480
90
255
28
49
464
174
176
222
77
150
259
92
172
347
95
45
422
81
26
124
496
315
487
27
267
114
145
254
167
390
415
475
157
386
284
163
207
59
282
179
470
488
416
47
449
441
182
400
445
356
497
460
479
300
169
495
368
308
68
230
399
413
431
363
33
57
290
148
286
37
355
42
451
184
404
128
119
319
130
58
109
428
295
370
409
311
327
389
79
411
236
247
200
262
120
123
312
316
38
72
162
66
34
444
352
216
440
232
384
500
