22
1
6
7
21
9
16
4
19
20
18
12
24
10
5
3
15
2
23
17
14
11
13
25
8
459
498
423
221
414
214
231
48
452
456
51
246
143
107
320
149
405
31
213
254
366
323
30
416
394
435
454
242
403
471
55
426
263
475
472
308
393
183
481
314
62
301
147
311
98
256
245
206
52
369
191
399
228
248
111
250
92
93
419
91
53
69
136
45
425
220
141
468
110
156
72
332
412
441
181
331
448
297
410
303
473
296
227
449
338
208
223
322
75
401
275
244
38
172
318
304
335
47
336
460
177
76
157
433
78
341
443
104
324
479
50
359
390
495
451
197
146
418
116
315
216
185
60
374
496
480
482
262
187
63
178
357
82
34
371
219
400
235
118
236
150
138
309
464
209
391
161
264
352
140
