11
16
22
8
25
10
2
24
23
21
12
4
3
18
7
5
15
17
19
6
14
1
20
13
9
224
205
298
68
452
108
251
89
368
202
272
143
201
76
208
351
262
275
211
102
215
88
148
340
316
435
204
374
106
414
304
349
29
284
419
366
443
130
409
348
259
295
128
55
277
360
191
460
65
485
100
59
99
169
301
181
244
471
483
34
240
264
394
182
286
481
173
84
420
450
207
305
433
308
141
81
115
449
216
345
490
429
63
40
164
376
46
495
499
279
140
199
487
249
32
350
185
263
83
388
411
347
387
237
105
129
390
252
187
195
278
428
260
222
317
470
104
321
30
497
160
384
408
306
250
287
147
155
126
26
93
54
107
336
444
281
372
365
56
425
156
190
276
477
94
318
324
221
229
332
161
131
269
101
354
58
227
162
28
213
223
228
396
434
146
125
344
377
393
480
57
320
331
73
245
