23
16
25
11
6
18
22
2
10
4
8
14
19
13
12
24
3
1
5
20
15
21
7
9
17
180
192
351
203
208
356
283
104
193
285
320
73
403
339
60
359
344
303
107
145
140
484
199
413
388
425
128
398
149
418
94
395
421
449
66
236
498
250
313
415
396
58
495
207
241
453
38
260
99
62
49
381
311
446
404
71
372
408
397
307
88
162
350
375
182
294
378
416
233
41
154
55
111
59
158
486
151
64
247
439
46
458
57
335
272
39
67
444
229
211
244
296
465
409
483
355
68
407
226
70
114
353
393
297
141
150
433
234
148
264
364
43
195
255
304
460
479
435
267
61
491
500
387
153
163
391
216
181
103
258
328
426
414
129
430
299
278
185
301
266
343
494
212
305
334
93
347
144
34
188
