9
7
17
10
1
8
18
3
23
25
14
22
5
16
13
15
24
4
6
12
20
2
19
21
11
279
485
41
97
452
214
378
269
179
152
141
119
272
412
377
218
228
262
352
421
309
398
322
251
296
177
71
484
159
217
114
364
441
361
150
135
478
44
297
491
436
64
55
466
227
351
101
197
28
470
203
431
131
429
39
408
138
394
451
153
307
471
321
469
417
167
371
327
161
260
56
492
449
93
430
209
311
124
299
50
383
400
276
222
317
462
461
59
33
349
288
374
486
32
348
70
338
343
237
51
154
468
331
375
389
234
183
380
472
86
420
457
63
54
128
368
231
100
456
498
204
27
236
48
107
67
328
40
298
253
388
458
168
360
165
95
391
370
393
115
187
275
108
148
243
162
358
395
350
281
207
453
76
221
414
410
65
157
405
440
194
62
92
145
477
487
362
292
324
342
258
347
68
319
250
