12
7
1
2
9
6
18
8
22
10
17
11
21
4
13
16
15
19
25
23
3
5
24
20
14
385
295
447
404
408
29
354
442
28
257
348
498
186
360
151
371
163
166
232
369
61
439
300
500
428
422
483
123
411
92
106
104
197
420
496
414
153
150
252
319
356
259
265
329
449
142
401
491
387
495
489
112
107
40
125
189
364
279
84
299
292
56
335
359
76
238
432
195
492
199
490
179
456
172
101
333
273
306
377
450
445
323
111
476
443
481
140
102
255
284
210
120
116
157
338
178
27
86
423
219
440
260
26
169
357
201
485
365
35
471
487
248
472
469
75
378
117
41
466
477
305
234
183
165
479
59
391
453
263
221
458
62
347
245
316
70
99
139
208
313
58
78
118
98
290
188
82
251
410
393
66
441
216
493
170
467
109
256
363
394
296
203
149
318
425
72
294
127
374
81
47
241
282
468
230
