24
21
3
10
19
2
17
4
13
11
25
16
8
9
23
7
18
15
22
14
20
1
6
5
12
65
162
277
43
313
463
226
213
427
403
183
278
499
366
289
341
334
297
113
328
50
206
110
380
151
88
200
196
233
108
461
349
149
104
319
347
98
55
140
352
217
412
332
45
296
58
483
281
71
191
283
103
459
97
416
237
486
357
365
382
457
466
112
158
306
240
460
74
115
471
100
251
156
377
96
197
52
417
161
404
493
106
163
242
227
478
210
476
315
473
439
431
257
199
421
215
133
79
126
444
318
381
467
165
241
216
255
496
410
209
335
221
264
276
441
70
378
131
235
173
359
282
291
442
170
