8
5
11
20
3
12
14
17
24
1
15
9
2
10
18
25
22
4
21
23
19
6
13
16
7
319
300
434
405
374
385
207
141
373
370
59
204
401
320
493
423
157
53
168
411
395
126
327
420
488
203
483
257
227
372
421
437
312
396
377
248
246
228
283
489
78
79
214
216
190
376
375
242
391
41
71
230
249
484
417
265
243
415
163
179
50
271
447
48
291
133
363
326
35
392
267
31
74
91
444
389
346
99
438
419
347
76
487
143
445
491
468
335
205
46
95
356
88
412
63
498
206
110
379
196
278
222
369
237
359
382
184
323
68
94
251
198
83
371
387
316
282
220
473
366
428
465
56
188
37
