2
13
12
25
14
6
10
1
11
22
3
4
16
9
5
7
18
21
24
20
19
23
17
15
8
247
162
70
223
494
392
75
390
174
133
280
241
160
185
102
461
286
449
35
303
372
302
365
89
400
488
58
296
150
287
57
295
383
141
178
476
381
410
328
49
43
330
308
181
123
301
405
114
322
251
189
41
153
489
442
183
65
192
369
456
121
146
364
218
179
142
209
170
355
261
480
384
61
320
235
337
290
366
299
353
346
418
343
80
311
407
430
385
205
244
378
45
324
486
233
362
297
333
53
197
180
266
284
478
132
321
191
54
413
187
361
219
458
200
250
172
74
265
473
341
257
373
198
248
310
