2
17
11
3
6
8
24
20
7
23
4
25
21
22
12
1
5
16
9
10
19
13
15
18
14
230
280
99
152
133
139
43
198
119
377
340
118
352
435
161
462
176
106
151
35
129
95
29
165
291
67
486
421
450
142
412
409
108
299
441
479
306
197
115
28
82
125
418
365
455
298
343
381
163
53
265
434
38
228
314
205
94
206
72
85
196
471
97
426
204
276
224
489
238
104
140
364
37
68
256
96
134
234
368
287
481
470
253
345
388
398
146
188
358
468
167
169
456
396
482
252
45
442
211
379
78
26
293
315
459
353
305
171
323
390
350
241
86
57
367
313
361
221
172
102
360
411
399
90
120
121
354
311
201
222
190
242
243
236
339
267
107
52
404
321
251
351
137
356
227
46
300
383
454
328
406
330
445
261
277
386
183
79
428
484
427
180
75
419
376
341
30
307
254
164
101
194
467
402
131
