2
17
24
20
4
6
8
3
25
7
12
21
11
18
23
9
10
1
22
5
19
16
15
13
14
230
377
67
139
161
306
352
165
94
205
35
211
426
198
421
99
388
197
53
43
462
418
340
118
486
411
68
95
434
108
406
276
228
441
280
450
293
265
106
129
151
221
409
488
133
455
38
398
367
358
140
176
261
57
120
201
28
234
97
298
180
314
125
471
323
390
115
345
227
224
435
196
169
222
152
183
26
104
489
36
142
419
356
79
366
119
319
379
80
481
137
313
299
383
482
184
343
354
102
166
73
171
348
131
454
339
82
315
30
29
305
404
341
172
54
330
461
164
147
365
121
37
410
75
283
