23
16
6
10
18
25
22
11
4
2
19
8
13
1
14
3
12
24
5
15
7
21
20
17
9
356
267
339
285
283
199
449
418
421
320
203
192
128
216
351
403
73
149
193
180
420
446
208
313
416
145
398
61
121
388
396
250
242
154
38
62
303
241
234
375
343
71
264
66
57
407
107
150
163
304
372
99
58
123
498
359
423
276
397
453
182
70
413
64
307
425
158
181
72
244
111
207
212
495
88
69
395
409
226
415
288
101
260
138
417
85
179
41
49
312
404
435
221
271
377
408
236
439
153
86
462
59
494
60
104
103
430
144
297
162
355
294
32
400
89
331
94
455
56
309
311
344
258
151
335
393
247
353
196
46
484
252
381
287
324
229
217
198
209
233
43
358
184
100
364
135
225
266
148
55
140
255
278
141
465
156
114
195
328
261
84
157
478
68
476
386
350
474
482
323
391
483
433
272
197
