12
22
2
1
9
18
24
7
6
19
8
17
15
13
10
21
4
11
14
23
16
25
20
3
5
335
232
356
371
500
466
186
166
496
404
238
476
259
357
432
299
61
44
483
492
112
442
498
52
369
71
454
252
125
318
343
321
260
178
473
219
70
126
479
487
149
150
497
344
411
226
208
439
417
26
266
385
197
107
423
157
139
221
192
82
33
338
199
401
282
333
183
456
123
27
172
489
292
472
263
79
445
387
275
245
47
364
104
152
294
444
468
460
201
29
35
158
298
257
273
311
231
77
163
289
389
179
222
415
140
428
120
116
184
422
268
165
425
234
393
457
410
471
485
441
481
360
380
241
101
255
382
106
142
92
312
247
477
99
373
313
279
244
408
450
258
117
210
491
78
377
248
374
368
293
34
111
495
190
40
284
306
169
265
261
280
256
124
348
413
31
84
151
390
230
86
153
212
347
395
