4
14
12
23
3
21
13
6
24
8
2
17
20
15
25
7
22
16
11
5
9
19
10
18
1
183
123
175
443
159
419
372
63
137
362
87
56
155
451
397
200
386
55
342
472
303
254
154
143
359
245
27
28
116
235
222
413
146
377
458
375
482
80
220
73
383
130
95
370
29
341
429
368
410
188
288
134
412
169
272
490
441
445
197
120
151
72
174
326
389
166
474
229
310
192
118
317
214
104
224
356
221
467
408
36
31
77
453
184
286
43
207
177
496
475
189
468
449
266
128
102
394
401
141
156
127
289
454
267
179
35
38
421
348
476
423
278
447
162
92
465
248
41
111
461
295
486
230
390
305
