14
4
2
3
12
23
21
17
15
20
13
25
22
6
9
8
5
7
16
18
24
11
10
19
1
183
87
63
397
222
408
443
146
472
413
419
55
137
288
441
175
116
28
123
35
380
377
305
56
93
394
155
130
254
245
104
95
134
29
169
27
236
474
458
43
332
220
92
375
356
362
162
207
250
218
235
151
221
278
159
386
197
72
141
461
393
144
412
342
174
120
383
219
368
73
192
208
348
229
189
390
347
409
344
429
164
143
50
303
216
179
188
370
154
372
445
453
490
326
177
410
195
224
198
238
464
127
138
139
451
279
475
359
468
260
407
85
364
306
48
248
99
111
272
41
473
290
496
117
484
