20
10
25
7
1
15
14
17
4
16
5
19
21
24
8
23
3
18
6
12
13
11
2
22
9
186
469
465
179
373
238
400
480
360
109
60
92
36
28
299
418
57
116
39
188
384
233
140
33
281
174
141
53
352
32
478
282
429
477
252
79
207
499
387
482
390
486
169
81
454
290
297
303
222
317
420
269
104
491
220
246
308
237
358
146
318
380
306
66
375
76
363
127
409
421
467
106
334
107
404
123
69
242
108
263
197
494
243
423
468
112
210
200
320
85
245
325
139
110
126
26
175
83
344
217
42
80
177
359
424
314
365
176
402
305
312
433
427
162
75
357
301
212
448
228
481
475
211
411
185
337
190
466
483
87
471
288
347
44
319
262
367
38
266
399
120
441
133
204
31
322
122
432
474
163
