12
13
14
2
6
22
11
3
1
25
10
9
7
20
24
19
17
18
5
16
4
21
15
8
23
247
405
133
160
70
280
223
179
65
303
174
150
383
217
32
265
75
183
146
390
58
275
308
461
142
364
114
366
153
241
488
476
261
235
36
473
297
181
494
322
251
400
355
209
357
112
478
53
324
49
321
180
301
41
121
333
102
449
407
284
426
470
392
451
350
190
200
267
393
418
43
248
410
119
311
226
346
342
192
296
302
57
205
162
500
176
285
198
262
385
328
295
491
115
48
320
290
89
54
489
286
374
123
35
389
422
304
417
185
189
456
365
124
218
191
345
458
250
485
384
343
171
373
424
129
99
132
436
117
143
330
224
222
76
147
188
120
397
47
141
244
61
170
139
486
266
38
294
154
45
305
193
186
204
291
381
468
187
427
161
202
439
369
148
293
457
446
299
464
63
490
353
74
87
178
