17
5
7
8
10
4
20
15
25
9
12
19
11
13
16
23
22
18
2
6
3
14
24
21
1
108
328
455
226
87
233
355
150
138
391
349
119
450
345
218
290
464
485
68
190
436
434
408
404
257
400
72
133
142
499
41
431
103
194
29
118
445
44
316
56
353
377
247
446
184
97
47
61
48
69
96
406
128
86
291
468
399
303
306
204
470
124
482
161
288
340
232
177
375
435
36
200
259
365
315
88
354
173
304
286
78
127
180
463
412
388
52
219
347
425
448
336
98
301
469
253
99
378
438
385
359
496
152
271
178
273
156
62
280
413
125
453
51
140
278
237
324
491
398
472
35
428
67
498
289
481
193
407
95
389
392
201
327
264
477
129
126
208
276
93
331
393
176
364
39
330
420
207
234
293
372
81
199
170
335
458
424
220
211
492
380
197
326
136
109
429
432
310
58
263
243
322
189
430
294
