23
6
11
4
19
25
8
12
16
18
9
7
2
10
3
5
13
15
22
1
21
17
24
14
20
168
137
449
327
372
202
148
140
366
376
130
238
387
160
225
42
257
52
494
393
390
234
228
94
267
400
173
315
66
330
193
59
175
294
259
500
386
192
416
252
235
96
169
483
250
324
496
262
87
185
224
338
119
312
475
323
281
282
336
236
245
79
43
47
431
382
438
120
256
54
71
103
329
467
70
138
176
123
322
172
493
81
412
374
64
476
334
350
420
84
358
364
349
385
369
442
107
186
402
403
141
354
212
45
133
179
241
112
239
436
213
391
307
484
365
209
383
285
56
124
50
114
361
126
362
28
134
253
198
39
288
230
352
447
187
69
306
41
378
489
411
461
83
310
479
35
422
430
110
465
