17
20
8
7
5
10
23
9
12
15
19
11
25
4
22
6
13
18
2
21
16
1
24
3
14
68
455
470
87
328
150
446
273
133
434
194
404
355
393
127
118
48
274
70
98
450
218
103
237
469
453
119
272
226
288
398
152
345
359
84
201
408
406
177
482
61
306
108
448
389
128
148
385
463
491
257
156
388
445
96
492
208
468
35
183
211
391
472
41
72
124
377
138
375
256
212
353
496
238
44
109
233
161
458
145
316
324
69
247
129
204
123
162
349
436
290
121
101
433
189
291
499
293
336
169
435
335
320
326
340
190
178
146
93
67
58
498
399
112
419
234
334
333
191
259
289
188
180
100
263
