8
5
20
14
11
17
3
21
4
1
15
12
9
10
18
25
24
2
22
19
6
23
13
16
7
319
370
396
300
420
227
373
320
385
79
157
405
243
204
312
207
434
248
372
168
387
375
35
421
283
257
374
401
216
415
437
453
59
369
141
481
74
483
203
423
189
95
183
48
190
264
179
363
228
327
271
60
274
493
376
428
267
71
411
53
261
291
103
78
100
63
262
478
468
391
473
444
91
246
366
326
491
58
214
347
484
126
379
222
357
148
163
445
97
105
50
305
382
488
241
367
118
316
254
65
282
199
353
342
265
345
182
99
399
346
371
237
359
210
402
167
130
83
397
176
358
426
252
377
180
