17
2
20
4
24
6
3
19
23
8
22
21
25
11
1
7
12
5
9
18
10
16
13
15
14
230
165
139
99
441
377
35
95
53
151
435
43
228
486
161
176
67
129
118
462
211
137
398
340
38
379
365
482
196
421
198
205
306
298
152
461
352
343
221
224
276
201
354
450
291
142
262
481
319
418
167
419
299
426
367
360
97
108
488
442
471
454
323
234
171
261
94
260
29
68
180
90
434
233
206
102
183
406
368
115
73
353
199
455
182
28
26
410
106
412
282
140
57
445
79
84
280
376
166
110
489
293
241
195
37
96
314
133
345
388
357
222
350
172
52
495
86
390
101
119
366
256
36
164
169
121
305
91
190
184
300
438
356
80
361
315
45
383
358
431
313
227
82
311
265
351
432
402
409
147
411
355
259
242
474
225
363
104
423
321
54
470
283
371
248
125
493
60
120
197
475
491
134
252
72
