21
13
7
10
5
16
23
8
20
17
1
18
25
14
15
9
11
3
22
24
2
6
12
4
19
252
290
240
312
132
415
126
413
238
323
462
498
400
295
234
482
172
319
495
150
401
59
454
81
342
285
425
394
440
200
93
497
123
116
189
266
438
28
220
485
363
227
164
282
366
176
163
162
82
57
54
254
114
327
90
272
91
429
390
422
494
222
77
63
277
302
487
169
244
181
308
251
68
78
334
76
26
286
443
108
428
58
384
135
148
345
47
270
154
259
372
46
228
300
61
195
496
250
139
160
369
416
138
56
60
340
36
255
149
182
33
431
39
197
136
198
153
79
64
367
335
464
49
166
42
