6
24
7
8
13
25
1
21
9
22
12
15
16
18
4
11
14
2
17
20
10
23
3
5
19
276
302
226
442
410
194
157
66
315
58
486
432
424
307
114
426
209
210
481
43
353
453
145
202
242
321
357
90
163
59
377
100
69
95
482
370
416
270
350
140
351
409
54
172
438
277
261
317
419
295
380
393
227
171
135
180
281
436
213
363
132
150
469
81
471
366
464
68
385
123
121
497
89
395
304
42
375
297
167
470
386
37
103
164
198
233
64
228
322
478
188
88
285
217
155
251
475
99
82
301
268
206
289
284
125
153
87
47
496
231
407
239
489
108
104
174
70
342
288
46
300
431
224
160
211
340
84
57
170
441
256
376
433
330
415
105
92
309
408
207
201
364
80
234
258
199
430
329
362
476
273
73
500
491
361
467
222
117
257
440
75
414
221
67
51
40
345
61
112
388
204
365
173
93
127
