13
22
14
7
4
6
12
17
10
5
1
23
3
16
9
11
8
20
18
21
19
24
25
15
2
467
488
44
79
378
252
350
374
344
116
119
495
147
144
331
391
362
75
399
305
225
215
498
30
413
115
112
85
139
279
389
400
280
402
196
103
487
207
433
43
473
128
261
100
59
273
203
111
183
161
361
214
411
292
315
461
209
472
455
274
36
437
346
326
446
130
287
313
342
246
257
241
333
341
107
375
134
152
436
323
364
249
136
289
137
146
199
314
282
420
460
299
74
106
404
169
351
159
186
53
381
65
311
208
303
114
270
94
271
244
354
35
39
187
76
86
327
81
129
164
324
47
178
438
321
283
55
163
490
220
447
343
229
141
414
288
435
363
489
88
296
235
118
451
80
397
409
102
49
258
