10
6
11
23
19
25
4
16
8
12
1
9
15
18
22
7
2
3
24
13
5
17
20
21
14
257
327
366
390
160
119
349
224
386
169
202
500
140
449
315
42
323
267
177
436
52
238
324
103
476
259
96
148
141
378
225
94
475
375
387
137
322
314
372
294
483
442
352
367
494
234
59
172
376
87
168
325
228
284
261
420
311
280
55
151
65
271
209
43
338
133
114
193
64
374
70
416
444
146
212
192
185
400
474
217
321
130
369
365
175
120
223
54
467
469
306
158
69
250
343
364
479
330
438
179
358
388
465
393
112
313
127
236
117
239
50
56
31
457
180
28
244
354
124
451
281
254
382
492
391
