2
22
10
21
17
1
13
8
11
6
25
9
3
18
20
7
19
14
23
4
5
15
24
16
12
212
119
340
189
69
224
453
286
448
366
103
228
390
389
497
111
490
257
432
408
365
178
281
170
404
275
113
457
317
442
498
318
204
105
163
148
187
295
179
164
237
414
311
395
61
265
27
454
235
252
297
89
372
314
325
161
210
468
300
296
428
223
219
196
173
282
198
412
54
369
183
303
361
202
95
169
36
182
456
323
415
73
402
107
213
467
93
451
284
349
397
106
176
102
236
495
387
274
464
80
403
63
488
382
440
426
42
483
34
301
130
197
484
380
500
217
289
294
424
293
322
383
351
150
381
