10
7
17
8
18
1
22
16
9
15
23
3
13
6
20
2
12
11
19
4
25
5
21
14
24
361
299
466
141
394
279
436
228
322
307
217
377
461
150
349
380
421
108
352
203
374
470
93
64
484
296
197
478
485
177
188
372
358
179
227
441
41
451
33
124
267
309
364
152
300
174
275
440
316
452
63
251
204
431
389
71
76
410
39
482
405
78
457
176
153
65
28
50
474
456
32
27
368
148
100
387
319
209
468
288
297
449
234
49
149
56
213
359
327
400
492
162
360
462
323
391
239
44
87
344
164
159
417
97
226
131
221
458
469
281
471
495
373
347
375
89
285
115
294
351
472
345
446
187
167
381
331
62
147
259
68
388
346
311
453
424
298
343
86
119
165
31
214
378
43
231
337
398
412
317
498
51
475
262
30
173
383
218
333
455
92
183
408
128
74
413
418
114
198
138
429
271
354
302
409
