14
7
17
8
20
13
21
5
16
1
9
2
12
6
18
3
22
23
4
25
11
19
10
15
24
294
288
210
443
230
238
461
456
289
226
46
256
104
396
451
247
141
189
459
222
38
268
264
177
89
204
235
139
416
138
478
281
32
447
403
215
470
100
213
31
239
73
426
422
368
480
136
145
354
430
325
424
271
427
340
223
378
118
90
341
191
257
175
172
123
381
339
405
283
357
216
98
135
79
236
439
194
50
349
253
438
180
335
411
157
336
228
477
212
51
133
122
208
455
407
178
446
101
218
333
81
280
45
454
436
300
214
78
231
255
262
55
225
47
274
435
404
367
164
391
320
246
400
43
364
