25
16
10
5
11
21
7
8
13
14
23
1
20
3
15
4
17
24
22
6
9
12
18
19
2
382
162
478
394
358
446
399
210
257
362
289
431
185
222
47
360
311
40
471
146
283
119
272
363
273
317
477
142
406
384
376
270
402
248
441
391
445
167
100
342
407
483
390
294
285
138
372
338
212
337
489
305
434
397
300
442
227
172
497
437
230
128
282
54
73
310
226
195
158
180
53
99
127
101
235
279
55
244
439
163
48
52
72
321
161
304
49
186
159
45
81
292
327
392
410
140
137
133
388
242
307
276
120
365
464
371
348
221
263
481
355
197
482
240
389
181
346
357
175
249
171
46
225
299
286
113
144
350
71
82
188
375
359
149
487
92
267
87
218
385
466
160
381
37
313
472
449
414
323
260
141
291
107
233
468
354
219
30
108
148
418
454
78
333
404
422
135
44
302
344
470
417
198
147
187
