10
20
25
17
1
5
7
15
4
16
23
14
19
24
11
8
21
3
18
12
13
6
2
22
9
360
290
92
28
352
363
491
465
201
434
60
303
174
486
499
188
169
36
268
469
238
477
305
33
158
266
433
493
494
79
86
207
187
62
186
318
140
38
407
31
109
53
373
212
468
42
444
393
347
495
304
46
449
205
380
220
422
162
39
387
179
299
40
269
56
335
219
297
100
311
246
200
252
454
418
344
55
214
54
99
366
315
402
176
175
382
167
481
141
107
467
374
300
457
262
479
32
484
147
421
154
355
301
233
427
379
334
412
411
87
85
306
440
487
482
332
441
97
263
91
478
443
423
67
150
65
44
80
437
359
197
108
375
122
139
146
490
442
26
81
358
123
57
459
211
243
76
180
400
435
165
245
480
394
159
354
255
291
104
372
183
82
385
152
195
237
474
409
429
413
384
280
472
377
41
