14
7
17
20
8
13
21
5
16
2
12
9
1
6
18
23
22
3
4
25
11
19
10
15
24
294
396
247
145
443
288
32
289
451
430
230
256
461
456
470
55
416
235
38
141
264
238
357
46
204
210
218
226
31
422
381
138
189
215
255
223
378
239
89
248
281
466
178
212
368
104
175
333
455
280
177
439
139
214
45
268
403
90
222
172
436
478
341
85
213
73
480
253
101
283
81
118
78
354
459
228
426
271
191
208
257
475
135
353
278
460
438
51
325
300
231
435
405
349
492
274
350
216
50
47
79
316
336
136
123
340
100
397
424
164
122
262
246
157
121
498
454
180
225
400
236
63
327
250
27
181
339
427
447
446
477
379
355
364
234
127
423
194
367
458
407
411
302
70
244
165
251
40
468
343
