12
14
25
13
10
1
22
3
11
2
6
4
9
7
24
5
20
21
23
18
16
19
17
15
8
247
75
405
41
150
296
293
179
241
257
185
355
302
133
315
70
407
299
57
153
181
488
174
345
476
58
346
160
372
266
397
36
114
383
439
93
183
219
161
377
328
248
49
146
494
223
120
262
244
460
461
437
45
218
162
263
456
384
317
251
261
217
275
458
54
40
297
364
74
189
245
410
191
192
374
303
286
290
264
112
308
392
265
411
203
154
95
73
96
347
367
155
279
430
390
478
115
368
324
141
489
454
48
361
448
32
352
178
284
459
447
295
129
186
318
119
92
363
341
172
401
55
385
235
121
