16
19
22
23
10
21
4
9
3
15
6
24
2
1
14
7
20
8
12
13
11
5
18
17
25
205
399
421
435
477
195
77
436
350
434
31
438
206
218
462
85
466
82
60
332
379
470
155
281
323
366
167
456
230
388
458
371
377
304
472
432
49
276
40
108
189
479
181
400
367
159
423
308
166
229
162
81
33
416
339
163
242
492
201
489
215
28
433
139
445
127
415
465
254
418
120
487
394
358
86
138
68
282
306
96
186
157
187
390
177
391
91
262
275
118
221
287
278
337
176
285
133
30
98
362
66
292
300
454
240
54
334
288
369
219
488
413
170
382
184
255
417
153
333
290
397
67
329
360
73
