15
8
24
9
7
19
1
6
17
23
10
2
12
3
13
16
5
14
21
25
11
4
22
18
20
428
159
170
49
78
288
466
191
226
178
276
130
73
119
366
38
324
414
431
308
220
46
269
263
364
268
42
272
65
234
274
430
140
286
377
222
295
326
66
124
265
491
344
193
323
473
194
227
86
158
84
492
235
299
297
260
363
136
80
97
369
47
385
356
113
133
148
137
232
186
164
402
294
74
121
354
434
462
206
184
445
258
219
117
311
320
314
197
383
264
279
238
289
56
465
252
225
189
343
179
100
472
371
143
386
496
91
162
243
187
284
147
419
404
120
480
205
188
126
376
55
99
229
346
218
