10
13
5
12
1
20
2
6
25
21
11
4
14
18
22
17
3
9
8
15
23
16
19
7
24
290
359
122
224
262
211
355
239
480
256
186
378
210
466
62
60
193
76
80
192
159
84
351
392
165
178
465
467
33
448
125
245
222
284
345
419
302
272
304
259
498
255
162
120
212
339
64
209
417
47
82
252
478
220
444
158
323
221
423
95
114
46
309
164
271
460
94
172
435
408
303
98
332
155
251
247
286
43
167
490
301
375
436
363
400
316
357
413
341
476
36
424
336
404
330
73
161
65
487
446
432
455
148
69
156
295
305
35
342
229
365
380
96
58
188
288
71
79
237
107
66
88
208
28
176
117
437
405
74
142
396
470
32
106
235
385
59
242
195
297
45
481
206
324
475
135
38
226
429
215
