18
17
23
22
4
14
8
6
13
20
11
16
1
15
10
25
5
3
19
7
24
9
21
12
2
392
204
455
39
202
88
183
123
446
297
433
61
327
176
375
177
165
414
448
92
114
342
164
339
245
258
68
178
277
451
62
422
279
356
191
129
305
326
420
137
367
344
158
239
354
52
427
58
257
230
56
243
159
244
153
407
45
199
298
307
373
72
372
371
151
384
308
276
118
104
267
418
481
393
50
84
185
292
254
37
411
219
416
247
370
34
109
144
442
161
281
270
263
91
491
383
303
271
475
294
64
182
65
51
75
141
498
100
369
329
235
317
229
86
397
338
28
361
227
488
40
273
337
485
412
