2
1
10
21
22
25
11
8
3
17
13
20
16
18
14
4
15
9
24
7
6
23
19
5
12
286
212
224
265
467
432
223
130
189
448
219
41
196
235
297
211
490
381
303
365
358
148
473
453
314
183
295
161
497
169
389
111
34
254
113
363
284
383
404
103
307
336
457
311
366
81
328
69
429
89
498
164
454
449
408
204
275
82
105
77
257
317
484
238
380
274
382
500
485
176
325
299
228
163
401
488
173
202
466
165
442
281
420
433
179
225
106
451
301
395
412
92
296
140
144
306
393
115
187
494
27
470
391
375
428
242
338
270
464
178
210
323
477
132
36
46
158
414
327
80
213
332
49
95
109
384
75
151
76
456
107
64
415
134
387
287
150
217
322
468
162
52
492
256
139
403
194
43
419
142
44
271
198
390
243
129
280
59
102
346
361
462
440
400
206
116
227
272
250
79
236
472
289
450
469
