7
8
9
17
15
18
14
10
1
13
22
23
3
5
16
24
20
21
6
19
4
25
2
12
11
217
141
269
394
279
214
361
152
41
309
179
352
228
272
322
421
351
441
209
39
492
188
452
471
484
124
227
173
296
383
101
32
64
478
466
159
136
408
486
148
355
338
153
204
418
400
177
197
93
97
33
131
462
31
299
470
371
54
218
343
429
485
174
115
451
311
267
302
378
161
474
349
150
100
307
203
260
63
154
395
374
145
436
472
28
491
230
327
469
288
135
165
231
187
92
405
95
40
65
461
67
368
370
70
51
48
234
358
55
108
317
360
420
162
389
457
458
258
482
157
243
350
362
489
440
