6
24
25
1
7
8
22
4
12
15
9
21
18
16
17
11
10
2
14
5
13
20
3
23
19
302
157
233
321
432
66
350
276
307
442
353
43
210
227
242
380
59
123
150
194
363
481
395
226
424
69
416
370
464
186
114
209
202
116
132
221
340
470
281
170
163
476
47
471
473
82
46
277
419
315
155
99
497
300
91
213
67
410
95
486
357
282
52
135
351
376
284
68
159
96
436
172
317
459
160
228
368
143
37
433
80
90
54
245
121
360
391
108
477
261
92
33
482
304
153
257
180
140
375
422
377
345
74
100
61
467
460
475
426
185
279
393
361
453
231
193
98
87
211
73
164
58
408
268
102
