10
6
11
19
23
16
4
12
25
8
1
9
15
18
2
22
7
3
24
13
5
17
20
14
21
257
390
386
327
94
436
224
160
225
366
238
133
43
42
119
148
449
146
141
169
500
372
416
137
323
324
494
349
140
202
267
103
393
374
64
311
315
375
234
65
259
52
175
321
260
476
168
306
314
96
177
228
475
271
192
442
361
444
313
239
217
378
172
387
250
483
87
353
322
281
179
59
236
130
365
376
343
294
152
208
212
352
465
420
55
69
305
470
53
185
209
396
193
383
325
70
114
211
338
29
256
492
242
347
400
358
354
369
56
335
112
50
316
223
84
337
467
261
244
474
127
461
66
284
438
158
479
151
124
101
28
255
51
413
388
201
280
417
126
451
117
222
176
329
54
174
319
382
405
437
