14
17
7
8
13
16
21
5
20
18
2
3
1
12
6
9
23
22
4
11
25
19
10
15
24
264
443
253
145
89
230
226
294
238
426
289
215
214
456
235
400
422
439
480
470
222
136
379
461
367
31
339
403
55
278
325
40
416
430
189
427
257
459
204
256
104
396
210
451
407
73
45
90
341
357
166
288
141
447
435
46
434
78
300
118
302
412
364
352
458
249
32
47
51
424
38
316
35
101
335
332
228
495
281
60
223
419
213
157
354
449
50
280
191
247
255
164
177
423
336
311
343
348
463
67
368
395
212
225
261
475
236
432
283
244
246
438
476
171
139
131
409
178
144
190
428
239
455
250
405
100
98
436
232
262
378
165
491
70
231
340
321
81
260
216
391
411
271
468
349
124
234
371
172
218
194
135
381
478
71
196
414
27
265
333
375
75
184
122
448
126
79
479
254
102
176
39
173
350
125
