17
12
7
25
24
11
3
23
20
10
1
22
14
18
21
8
5
4
13
6
2
9
19
16
15
230
99
67
356
176
306
482
43
166
298
161
412
379
142
489
137
115
262
474
196
165
360
265
211
481
167
118
180
228
140
57
75
101
129
421
38
36
377
276
189
441
282
334
471
52
151
402
435
35
450
434
461
366
418
348
411
73
198
95
221
323
479
287
280
106
291
45
261
350
205
121
152
248
365
147
120
139
206
28
340
108
222
184
199
29
455
462
195
256
486
305
400
53
361
426
79
201
431
259
491
409
410
454
383
204
299
83
241
367
125
404
368
133
390
119
114
352
134
442
376
96
328
104
172
358
