8
7
5
21
1
24
11
16
9
22
3
19
14
17
2
6
15
13
18
12
4
23
25
20
10
292
137
448
135
490
101
493
383
249
425
395
75
48
349
197
36
219
126
78
152
79
456
298
333
203
210
443
382
287
163
472
372
63
202
218
133
469
242
453
423
442
160
71
336
272
99
263
402
268
435
68
499
475
171
30
69
360
320
361
250
169
182
149
168
166
104
280
407
146
41
58
359
52
312
111
377
39
284
54
413
61
353
276
430
465
391
196
486
173
400
161
257
492
461
445
51
66
420
244
193
296
326
338
356
406
107
321
76
164
106
459
404
476
177
384
371
350
471
216
239
418
50
393
279
454
462
47
83
424
341
80
128
441
155
474
88
221
67
116
374
436
138
130
357
174
77
457
162
105
226
