8
5
11
17
20
3
14
24
12
1
21
9
4
15
2
18
10
22
25
6
23
19
13
7
16
373
396
370
320
319
243
204
227
372
437
257
374
283
491
385
203
421
214
291
405
264
420
434
228
411
53
488
141
79
481
248
300
189
168
59
395
312
484
375
97
278
327
95
78
183
216
369
60
148
35
48
37
246
240
271
493
326
478
363
483
113
347
305
157
91
167
68
366
487
206
126
235
207
417
387
282
190
426
382
267
335
179
401
415
222
367
480
105
376
453
254
274
94
301
473
444
265
394
498
316
445
261
135
475
423
262
76
131
495
330
74
185
110
252
392
65
447
99
100
468
232
328
30
402
50
