25
16
8
5
10
13
21
11
14
7
1
23
20
3
24
15
17
4
6
22
9
12
18
2
19
471
399
414
394
437
407
249
489
337
257
162
222
382
477
439
365
146
226
172
101
362
478
397
305
372
483
472
441
195
48
360
292
464
327
434
119
282
276
487
371
454
40
391
78
185
384
348
188
388
113
208
346
302
37
120
230
133
385
294
392
247
128
389
270
148
163
497
142
210
311
240
127
140
338
159
446
53
39
317
100
279
175
442
355
81
160
180
47
141
281
468
480
410
417
51
402
263
54
342
310
99
66
376
241
73
277
272
390
416
248
406
289
244
137
422
225
138
301
82
431
423
366
430
286
460
