11
10
6
4
19
23
16
8
25
12
18
2
7
1
15
9
3
22
20
5
17
13
24
21
14
390
224
94
257
225
327
324
53
148
386
444
372
353
438
260
208
29
238
393
42
400
55
133
64
242
169
436
234
261
387
347
338
366
375
322
137
160
311
177
101
365
313
52
43
140
361
449
463
461
475
259
321
396
201
69
256
161
315
146
305
168
442
417
494
236
297
141
343
186
175
349
425
194
289
286
277
267
152
363
65
378
202
185
294
416
395
402
369
151
492
264
316
376
198
276
323
96
176
119
59
87
31
500
483
180
192
306
335
291
281
158
476
312
66
205
212
81
164
172
271
103
354
44
329
112
239
336
250
307
228
209
54
130
362
374
337
325
134
139
300
443
465
330
193
334
292
245
352
441
382
467
470
314
126
214
490
179
70
319
358
107
496
341
472
117
364
136
474
479
163
88
320
380
284
79
