16
25
13
11
21
10
8
7
14
5
1
23
20
24
3
17
22
4
15
6
12
18
9
2
19
399
497
257
172
434
317
390
40
441
483
477
472
249
445
471
394
372
162
146
279
273
230
305
113
263
362
210
297
407
53
460
360
282
311
454
470
51
281
242
276
355
222
267
46
495
302
294
101
78
489
100
410
234
208
437
397
423
327
226
371
365
446
145
418
195
348
385
402
203
133
159
185
120
137
132
416
119
439
240
175
414
442
406
30
140
39
292
417
83
346
491
478
480
398
408
270
141
391
181
382
87
309
404
307
37
163
48
139
47
81
66
354
331
285
272
166
487
244
349
389
88
363
392
202
384
271
334
464
110
209
174
189
188
256
45
277
180
431
73
235
52
337
219
338
333
289
474
149
54
358
468
248
422
388
283
142
430
144
161
459
107
224
153
342
167
260
127
223
321
218
370
82
298
409
308
