10
2
13
25
20
14
3
12
21
18
7
11
9
16
24
8
23
4
1
5
17
22
6
19
15
230
168
442
315
463
49
167
306
359
154
425
63
275
407
445
61
100
379
40
250
479
268
402
468
482
411
483
219
258
191
75
239
340
158
409
184
156
422
98
92
45
392
353
330
358
69
421
294
473
114
262
400
472
397
355
438
135
119
56
464
308
245
39
99
324
172
365
390
185
424
500
393
278
326
423
254
58
307
296
435
414
215
80
338
183
354
328
451
385
93
256
128
79
44
214
377
106
225
295
418
171
66
120
95
273
290
459
139
152
469
51
499
55
348
170
28
484
441
34
298
302
386
193
289
415
