12
1
2
7
9
6
22
11
10
18
17
13
8
4
3
15
19
21
23
25
24
5
16
20
14
385
442
496
404
498
500
104
232
197
428
29
186
357
61
371
92
279
483
238
439
178
150
432
333
411
257
335
447
166
360
348
163
466
369
199
356
101
440
125
495
123
140
153
363
492
116
423
295
476
252
401
223
456
112
364
26
201
234
106
265
422
219
117
78
172
179
260
259
469
109
378
273
443
111
70
107
151
393
445
44
86
209
408
479
221
316
139
300
142
486
35
195
28
374
490
318
329
471
299
216
305
283
102
446
188
343
46
425
282
387
460
284
319
118
127
255
448
76
323
354
321
62
245
263
372
