6
7
1
8
4
21
22
11
14
12
15
2
13
25
24
10
18
16
17
5
20
9
3
23
19
276
194
302
442
307
233
114
475
226
170
482
416
209
433
99
353
242
132
198
43
410
281
155
351
350
221
159
193
61
227
370
59
481
95
363
66
135
438
257
321
282
345
297
244
395
368
340
88
33
153
471
108
174
136
211
64
473
90
380
163
60
426
277
210
279
432
497
58
150
231
460
304
467
41
419
186
355
47
37
202
436
68
180
204
245
116
377
315
102
123
393
470
477
357
87
30
476
337
317
157
414
67
85
289
352
228
100
261
213
440
284
385
103
235
225
359
387
391
453
469
84
295
234
372
121
285
330
139
46
42
341
376
360
73
54
217
268
79
52
258
429
69
496
430
401
149
447
148
129
70
