8
7
21
1
11
5
16
22
17
9
24
14
13
2
19
15
6
23
3
20
18
25
12
4
10
210
218
493
249
203
137
152
349
197
383
111
263
268
75
287
472
448
425
326
79
312
333
41
101
61
442
63
133
445
420
182
149
435
499
135
30
48
486
361
126
58
116
465
404
166
461
76
453
52
492
276
163
469
402
377
430
471
292
196
395
193
407
257
456
239
298
250
280
443
296
424
321
327
320
36
219
202
56
69
372
68
174
99
341
441
39
476
279
272
78
47
242
77
490
360
338
51
329
475
128
454
423
400
155
71
244
216
382
158
336
468
282
91
391
335
310
359
388
55
413
177
83
105
248
284
