7
17
5
14
2
20
8
1
13
21
18
6
16
23
9
22
3
12
10
11
4
25
15
19
24
189
264
470
177
122
339
255
289
228
46
222
145
155
135
378
451
368
101
367
246
294
55
79
357
300
257
213
446
238
126
352
104
50
191
239
216
204
226
256
434
461
214
315
316
455
74
197
45
138
281
459
72
87
47
31
235
400
127
456
81
280
123
371
396
141
218
32
51
325
38
354
321
412
211
215
447
274
443
230
348
282
219
210
100
70
405
468
340
426
90
283
154
234
249
299
162
136
133
89
430
287
379
466
432
97
361
288
137
71
271
428
99
458
436
139
366
144
341
78
268
221
165
167
416
477
336
172
438
27
171
60
453
448
375
181
407
73
370
326
422
471
479
363
269
399
292
30
421
98
244
