16
25
8
11
5
21
7
13
10
14
1
23
20
17
3
24
15
4
6
22
12
18
9
19
2
162
407
471
399
394
172
362
195
414
257
146
292
472
40
439
483
489
477
305
101
434
222
441
113
397
240
327
249
487
120
371
382
346
365
119
185
48
402
270
497
372
78
294
317
338
454
311
286
445
437
133
363
480
47
478
337
248
127
423
390
348
39
242
375
384
360
46
406
159
140
464
244
392
230
282
212
442
388
276
175
431
368
82
100
54
73
180
460
250
391
188
263
210
148
226
279
160
53
289
247
422
273
142
376
181
410
138
163
81
208
350
197
72
430
110
355
99
307
288
272
481
45
321
389
385
474
51
224
335
281
417
468
285
446
38
66
107
256
128
219
30
259
302
87
271
139
71
36
310
126
260
416
149
291
161
65
137
495
342
88
354
221
370
37
67
171
309
238
144
466
404
304
393
141
349
