16
11
15
24
5
23
2
22
8
21
7
4
12
17
3
18
25
1
10
19
6
13
9
20
14
46
205
173
490
181
279
251
211
499
349
191
83
419
435
122
202
171
308
201
227
30
204
237
34
81
450
108
99
219
351
420
123
298
360
470
167
162
223
89
272
271
276
474
471
305
494
56
54
495
224
143
414
262
82
68
385
240
102
439
286
100
106
350
366
250
368
186
477
29
200
288
128
277
130
331
207
452
255
480
427
84
377
358
456
26
373
485
444
285
190
312
314
275
498
136
460
40
252
367
187
318
295
125
449
63
304
297
214
234
185
156
384
268
244
160
229
433
42
126
217
316
387
459
408
487
55
188
216
265
317
394
93
129
260
374
306
388
278
222
301
148
76
281
289
397
390
241
425
228
497
180
184
340
475
210
345
293
336
335
445
177
481
409
461
375
243
443
199
376
378
189
120
327
492
476
