7
8
21
5
11
24
1
9
2
22
19
13
18
16
3
6
14
15
17
4
12
23
20
25
10
292
349
135
219
126
79
490
249
137
425
361
456
443
336
493
75
333
448
160
395
168
382
78
372
197
101
133
48
242
383
152
272
203
384
166
360
287
69
171
475
210
298
36
30
173
486
402
63
51
169
472
268
312
146
279
71
400
161
430
250
39
393
263
253
218
320
326
338
469
280
149
391
68
459
182
163
83
54
353
202
407
499
99
442
461
374
465
462
476
435
454
66
276
257
41
418
239
492
453
104
244
162
359
138
284
269
441
404
377
457
80
296
61
423
195
116
471
420
58
88
177
350
47
56
424
111
67
474
164
52
494
128
196
371
193
77
216
134
406
76
413
329
32
321
31
437
130
107
310
155
106
444
421
436
345
50
388
248
356
398
403
221
445
100
355
293
129
174
226
265
381
427
184
300
136
