14
4
12
3
2
6
21
23
13
5
25
20
24
22
17
9
15
7
8
11
19
18
16
10
1
183
87
27
188
72
55
151
63
141
245
143
123
272
146
288
419
303
347
319
397
445
443
451
449
174
229
413
197
377
408
162
130
356
104
159
154
133
474
177
28
459
231
468
441
374
56
236
204
387
383
95
412
375
116
77
359
344
342
278
254
222
186
265
128
175
155
294
401
52
332
362
338
479
137
482
189
458
248
341
325
372
472
29
144
235
453
306
193
348
214
120
409
208
165
423
291
380
295
467
153
394
267
184
43
221
108
73
92
134
398
464
45
273
429
381
456
407
305
192
64
286
454
444
35
74
417
207
378
476
461
106
386
200
246
301
367
370
145
368
93
490
465
389
220
310
122
317
471
163
111
44
80
238
224
311
302
484
127
435
360
50
376
91
382
266
258
88
352
102
31
390
67
107
51
199
