2
8
25
17
11
20
23
18
5
21
24
14
6
7
4
13
12
9
15
19
22
3
16
1
10
340
401
59
289
159
362
250
489
447
282
255
201
361
450
96
125
458
50
40
399
271
230
310
408
262
339
314
248
56
246
114
171
210
465
195
55
167
384
30
411
376
324
57
395
349
74
454
299
449
179
294
272
478
365
279
84
226
360
88
488
216
431
133
198
471
385
448
222
387
268
480
483
164
180
243
303
296
215
330
498
283
444
27
92
388
191
368
288
355
58
405
141
253
337
352
451
430
372
103
417
286
486
341
378
479
33
144
118
143
487
233
338
177
346
225
145
178
120
153
354
380
155
71
334
386
292
224
63
188
297
261
295
107
46
166
44
218
418
270
203
238
162
80
239
363
358
371
436
82
48
