2
13
25
12
14
11
6
10
1
22
20
3
4
9
7
24
16
21
18
8
19
23
15
17
5
247
58
303
223
183
162
328
494
461
174
293
75
121
308
302
286
299
153
49
449
451
355
296
350
65
160
383
410
390
70
488
205
392
262
280
241
179
364
150
222
405
418
244
32
181
142
429
266
322
192
430
235
411
378
407
381
43
184
295
191
54
53
251
324
279
74
197
275
178
59
93
346
73
448
476
95
89
333
129
284
369
417
146
154
365
404
132
400
458
290
456
267
102
190
489
305
257
198
209
180
55
373
115
397
103
478
480
485
186
219
442
315
321
149
318
151
385
41
306
123
114
170
337
289
384
