13
23
7
16
21
11
10
14
5
17
18
25
9
15
8
20
22
3
1
6
2
12
24
4
19
252
401
238
164
311
37
482
93
156
309
454
286
323
251
345
255
132
415
436
419
265
340
282
28
295
267
312
487
234
388
325
290
68
90
425
220
26
59
400
480
253
57
378
445
153
413
479
123
81
289
497
495
462
438
35
404
279
308
45
390
240
150
144
79
266
108
228
285
254
163
130
443
350
62
148
189
272
364
440
269
136
74
116
451
341
299
496
494
258
399
478
77
277
405
422
42
200
162
368
302
303
464
196
334
142
453
167
169
87
63
36
46
363
166
149
47
126
370
270
379
103
86
471
114
72
78
174
141
394
327
356
154
403
485
40
176
250
58
477
346
423
139
310
500
291
64
476
185
342
366
301
102
66
138
474
105
110
115
332
398
135
237
60
262
223
230
481
71
39
96
244
433
387
473
288
