21
13
7
18
1
20
17
25
14
10
5
9
16
23
15
11
8
4
6
24
2
22
12
3
19
400
252
401
132
272
189
498
394
77
388
234
267
163
462
295
37
284
497
495
266
156
381
290
162
240
303
309
86
308
251
238
68
186
57
123
415
413
345
81
494
26
454
93
426
222
429
28
323
270
482
35
164
418
166
363
485
277
265
157
217
325
289
370
319
444
200
148
422
480
40
250
253
367
286
220
142
496
154
121
342
355
312
475
423
259
441
74
103
114
301
42
389
285
60
477
487
63
379
276
492
150
282
431
302
90
129
195
479
279
54
167
59
160
169
390
104
130
61
227
409
165
144
369
453
31
428
293
443
460
374
80
481
223
182
500
139
478
327
119
405
78
27
149
47
176
445
255
127
425
340
