1
21
6
9
16
22
19
7
2
4
10
12
15
24
5
20
18
3
23
13
14
11
17
8
25
435
221
214
416
246
456
48
308
55
143
423
31
231
426
454
498
336
149
452
98
414
472
220
366
314
433
213
412
311
405
303
473
181
394
304
459
245
187
183
72
208
482
107
102
147
51
419
425
184
254
146
53
323
495
403
156
52
38
481
242
418
338
116
191
250
331
232
186
93
301
259
47
30
471
393
212
197
206
40
92
401
451
437
126
50
141
150
480
359
185
227
161
390
399
332
244
322
256
172
75
136
457
413
80
240
60
263
320
76
178
334
363
110
458
179
228
341
203
91
216
335
309
193
447
177
219
464
86
479
34
365
266
112
248
410
113
111
235
275
439
82
491
361
430
282
448
67
163
391
94
