8
15
24
9
19
7
6
23
10
17
1
16
12
3
2
14
21
4
11
13
5
25
18
22
20
159
46
403
366
260
170
102
336
234
289
49
431
52
359
486
272
244
270
294
78
264
341
42
413
60
230
482
354
220
195
238
29
80
356
81
288
74
428
265
492
97
178
324
38
385
191
367
310
473
32
75
219
124
224
308
323
73
209
321
27
150
276
370
253
140
239
65
192
368
320
113
146
345
491
138
223
160
177
472
462
243
130
274
439
155
232
99
222
184
172
225
339
343
402
181
282
187
456
174
284
430
254
286
399
358
474
315
346
207
92
295
337
86
256
285
194
452
261
66
290
466
480
340
141
311
277
455
176
500
330
82
283
398
136
369
119
365
262
245
89
56
216
421
145
103
496
169
240
495
263
227
381
211
165
67
376
47
476
233
269
255
162
206
453
390
197
388
30
397
432
148
419
85
193
133
