21
13
7
10
18
5
1
16
23
20
17
9
15
11
8
14
25
6
22
2
3
12
24
4
19
290
252
462
401
454
240
426
189
289
132
415
28
342
164
295
497
482
57
413
63
495
400
323
267
265
394
156
200
37
93
498
425
238
309
334
81
54
77
126
222
428
494
388
86
422
76
169
227
464
254
366
162
286
438
26
277
266
418
308
444
325
68
234
363
123
282
130
114
42
90
500
64
453
272
319
390
176
108
244
255
440
405
270
116
312
301
182
220
496
33
436
59
111
78
340
488
250
174
431
300
163
223
253
345
251
479
172
374
150
228
27
379
285
46
195
58
144
36
258
231
40
110
327
60
443
61
142
154
364
461
160
311
369
302
416
157
381
477
100
171
71
372
35
403
103
136
153
260
226
87
135
450
279
441
474
419
166
460
478
106
284
480
370
259
407
56
31
404
430
47
341
449
350
236
45
