6
25
1
16
24
8
15
12
18
11
21
7
13
22
10
9
4
14
5
2
3
17
20
23
19
242
157
307
194
380
302
432
442
43
66
99
276
321
481
233
353
114
58
315
227
69
91
185
376
155
470
300
370
123
163
433
414
61
67
116
477
267
395
476
261
436
416
350
277
150
209
363
100
364
424
410
186
75
226
202
473
164
64
497
345
153
351
355
211
210
440
281
419
453
228
231
95
377
47
174
84
170
213
285
482
469
87
486
467
251
121
129
393
59
30
198
96
92
450
82
102
80
68
245
409
260
132
356
381
333
221
73
135
340
81
284
282
42
89
468
160
176
358
317
368
349
322
257
359
40
