2
17
20
25
11
6
8
7
23
21
18
5
15
9
4
19
13
12
24
14
16
3
1
22
10
340
401
255
59
489
447
408
282
289
40
454
450
195
57
250
96
50
179
159
362
330
480
337
339
324
201
288
271
248
145
262
171
361
380
133
360
376
487
451
385
471
458
388
465
141
55
384
478
114
30
230
82
33
294
74
295
222
365
349
486
226
368
310
283
449
397
279
243
215
488
144
181
58
395
92
120
27
246
299
203
56
485
214
352
216
286
341
346
431
358
378
334
398
198
39
479
483
108
272
66
466
498
448
135
103
70
188
399
444
60
164
430
138
268
427
390
237
345
417
80
78
240
218
143
439
