10
2
20
13
25
14
12
21
3
8
22
5
11
16
9
1
6
17
23
18
24
19
15
7
4
442
168
154
230
315
167
463
250
61
306
445
63
100
219
359
156
45
355
397
358
135
425
49
275
92
472
483
330
407
268
56
239
340
400
258
411
40
479
32
128
326
353
69
422
379
468
307
158
421
482
327
256
214
499
392
402
338
409
114
93
184
289
44
441
119
262
278
245
99
492
423
33
484
296
377
393
500
244
354
42
464
185
191
273
39
418
414
27
470
453
390
295
75
294
57
196
139
254
172
328
308
64
276
43
34
80
365
103
215
469
389
331
473
424
55
152
396
435
51
459
180
225
203
53
120
199
28
106
35
170
95
233
235
438
71
300
432
431
297
171
302
261
31
401
58
348
293
383
329
126
222
291
79
385
454
386
155
66
143
60
312
303
324
428
209
384
195
274
87
429
125
86
336
98
363
