16
23
6
19
18
1
2
25
4
10
11
22
8
21
12
13
3
24
5
14
20
15
7
17
9
59
328
339
403
355
307
398
283
193
182
226
73
356
430
397
149
418
250
320
375
421
303
153
264
351
498
396
436
195
395
199
104
58
407
39
225
197
192
128
61
154
208
162
399
484
483
145
99
362
244
107
203
335
66
258
446
85
304
241
68
486
148
123
372
312
181
71
247
129
495
453
478
433
343
378
279
285
267
168
424
72
413
180
288
100
242
415
469
207
376
381
294
81
476
49
64
41
369
248
234
86
211
449
439
213
377
67
496
438
38
474
299
233
255
266
348
408
179
458
51
138
228
313
310
111
261
318
221
465
43
359
116
175
344
420
205
157
260
456
462
414
69
103
293
141
57
319
121
88
48
311
158
388
101
164
216
358
94
112
435
317
334
124
425
387
151
353
262
287
150
491
143
337
163
305
