22
13
18
14
24
25
17
3
9
4
16
7
8
23
1
20
15
5
11
12
10
19
6
21
2
306
157
271
326
341
435
369
80
85
328
351
384
327
402
386
277
220
57
296
436
165
205
98
223
242
493
130
91
392
241
403
218
26
152
321
29
267
230
330
370
175
414
187
338
114
429
304
158
31
457
461
76
344
170
61
198
280
336
324
234
395
83
345
190
53
279
56
113
90
412
287
40
44
137
84
410
275
389
419
150
451
68
30
215
255
371
359
119
49
214
81
200
101
118
305
54
160
46
148
244
172
142
128
443
432
227
281
320
74
192
253
161
193
127
186
133
497
201
124
485
47
264
445
406
92
