3
24
21
17
13
25
4
16
9
11
7
10
2
19
8
23
22
18
14
15
20
6
12
5
1
226
366
196
349
466
239
468
65
88
246
471
197
57
332
237
166
462
122
268
297
473
140
29
436
207
361
217
51
428
347
101
427
198
362
334
172
209
100
206
112
173
98
493
403
328
421
84
227
210
467
414
131
183
476
221
478
277
352
218
93
376
317
307
416
447
439
381
359
250
444
30
251
162
256
50
170
313
200
104
114
404
161
43
191
54
329
118
363
479
487
133
126
461
316
86
405
457
365
483
216
412
116
400
469
153
410
417
110
255
151
262
231
219
431
36
103
459
79
204
388
106
234
156
336
157
240
460
264
159
389
52
34
113
470
115
203
168
378
430
149
154
335
174
213
438
47
89
275
66
31
420
242
344
160
230
413
195
61
123
434
164
39
327
167
261
150
330
74
301
127
435
398
76
384
35
