20
10
25
1
17
4
7
23
16
5
14
19
15
12
24
11
6
18
2
21
3
8
13
22
9
140
290
214
387
469
92
299
373
79
358
38
252
80
200
454
380
360
418
486
186
349
433
444
192
383
407
36
384
468
188
400
465
493
169
179
352
31
482
484
305
263
139
174
315
141
239
104
162
60
220
481
91
304
212
332
494
187
242
175
337
363
40
268
197
281
347
435
355
385
423
243
328
58
379
409
362
344
53
205
75
28
443
334
487
318
459
499
44
62
480
474
421
245
42
479
210
382
368
429
33
165
374
109
238
496
434
440
361
106
491
495
85
478
359
121
56
232
280
201
489
77
150
477
107
437
267
306
87
301
82
269
46
393
319
230
103
244
126
219
108
420
26
39
207
266
456
325
377
343
163
164
227
275
148
427
395
262
122
99
237
450
300
228
467
249
451
173
292
452
147
54
236
294
404
288
