10
1
2
13
21
4
3
22
25
11
8
23
6
24
7
9
20
18
16
12
17
14
19
5
15
432
366
189
212
219
284
236
343
404
89
106
178
111
113
397
448
453
132
485
224
454
41
374
31
69
400
358
389
130
119
257
387
500
456
42
210
228
247
412
488
331
484
494
61
164
314
116
107
340
295
317
428
299
375
323
252
75
372
173
365
429
92
275
78
196
338
274
208
398
49
297
382
307
36
157
332
232
161
117
250
256
498
260
254
286
176
459
204
490
203
361
272
225
390
467
363
316
380
303
235
293
264
187
468
76
163
402
426
415
268
169
182
408
185
154
495
45
306
395
265
455
27
300
349
435
103
125
440
118
305
180
280
242
237
471
77
202
179
138
464
227
88
240
430
393
450
34
466
105
53
102
301
162
87
281
320
133
364
171
263
72
38
451
379
438
497
413
368
84
356
442
403
405
381
462
