16
23
18
6
11
25
22
10
4
8
19
2
1
14
12
3
20
13
21
24
5
7
15
9
17
351
203
283
356
398
418
73
193
107
58
339
403
320
484
66
199
128
449
396
182
453
388
236
207
415
313
285
57
192
180
303
446
145
333
208
372
344
94
104
408
307
397
123
359
140
41
162
71
407
439
328
244
400
460
233
250
433
272
242
353
234
99
43
294
67
381
226
421
424
260
279
150
296
486
216
395
49
444
304
375
62
103
59
297
425
149
413
387
496
186
225
416
141
500
61
264
64
483
151
89
181
430
195
68
248
278
126
347
86
350
135
51
409
498
435
494
93
158
229
378
258
46
213
217
334
