15
8
24
9
7
19
6
1
23
10
17
3
13
2
5
14
25
12
21
16
4
22
11
18
20
170
159
78
428
269
191
49
260
42
369
377
178
364
297
227
158
46
193
234
366
288
220
492
286
80
65
232
32
430
235
414
404
276
222
295
311
323
148
225
119
462
38
164
66
48
279
274
272
299
56
226
189
73
473
294
192
265
97
301
194
314
324
398
345
356
219
284
344
491
179
385
431
343
140
308
258
243
187
160
130
289
271
268
102
86
64
57
386
124
472
84
206
363
445
47
474
467
466
52
368
218
336
453
249
28
197
174
419
402
426
309
371
231
496
162
113
74
117
465
103
100
480
169
211
500
200
359
55
213
252
253
203
264
494
365
91
320
172
120
126
452
153
486
69
338
133
229
238
121
87
137
186
446
442
450
283
184
147
250
30
354
223
346
429
141
41
262
367
154
282
376
342
143
142
166
