17
25
3
20
11
23
12
24
7
22
10
8
21
18
5
1
14
6
2
4
19
9
13
16
15
230
43
482
67
99
204
196
356
282
379
35
176
298
308
360
462
137
441
265
161
125
189
95
365
279
75
489
228
118
133
166
435
129
53
427
390
337
297
106
486
412
418
376
57
94
377
442
167
101
468
211
253
206
28
305
142
306
38
409
287
280
115
421
256
151
481
140
450
258
340
366
291
102
323
350
328
199
471
108
479
165
334
244
352
45
48
121
398
180
134
311
262
222
339
434
78
367
411
460
120
431
221
241
104
139
198
52
299
36
454
474
467
276
83
348
55
201
119
44
184
197
195
29
406
152
238
205
31
426
73
30
85
236
79
27
259
455
383
401
68
410
361
461
420
491
484
186
345
382
131
400
388
343
147
248
160
432
402
155
225
413
495
32
117
96
470
217
293
404
283
439
86
169
172
397
