10
2
20
13
25
5
14
21
12
8
3
22
17
1
9
16
24
18
23
11
7
15
19
6
4
442
479
359
168
326
445
411
214
156
119
463
167
230
315
397
61
63
330
499
219
135
256
306
154
472
100
39
44
358
425
184
379
492
45
307
338
402
258
308
245
98
454
275
85
185
348
244
128
172
482
92
28
340
122
31
56
99
55
143
106
483
93
365
40
278
393
199
390
422
250
239
453
424
53
289
51
328
49
139
296
254
295
261
300
60
354
353
418
409
180
210
377
407
273
400
468
196
191
331
392
428
233
423
500
225
441
421
114
435
389
120
469
253
58
235
111
34
401
57
451
459
268
126
30
429
290
69
215
473
355
414
171
298
71
291
123
80
314
301
75
163
302
490
294
95
385
186
484
78
158
