10
2
22
1
21
8
7
11
3
6
23
13
25
15
17
14
4
12
18
16
24
19
5
20
9
212
404
389
366
111
224
448
161
189
236
286
340
178
490
296
119
169
485
500
274
204
317
336
34
412
382
237
325
432
497
323
467
365
265
196
210
93
69
374
451
252
182
414
498
284
162
64
170
223
297
453
301
173
202
103
185
457
300
303
380
311
75
219
73
314
390
102
132
164
95
401
397
36
415
42
113
459
235
228
187
153
383
408
106
281
454
89
176
495
46
462
61
307
257
293
295
450
240
145
428
343
27
148
488
466
242
264
361
179
381
241
372
318
429
144
130
369
387
134
158
287
441
122
398
166
304
76
393
41
349
400
260
409
31
267
129
364
198
165
310
208
403
440
289
464
150
183
82
299
331
363
227
282
142
329
375
395
420
261
266
116
345
163
123
205
85
309
442
232
250
355
368
211
447
38
