16
25
11
8
5
13
10
21
14
7
23
1
20
17
3
22
24
15
6
4
12
9
18
19
2
441
399
472
81
477
305
394
279
471
439
489
407
222
162
317
338
391
385
478
437
140
101
146
414
362
128
365
40
430
384
257
185
292
483
446
392
337
195
397
464
48
273
263
382
372
371
327
460
388
172
282
434
181
410
244
390
311
480
348
99
247
212
402
73
487
208
197
148
210
175
445
404
88
389
174
54
454
242
497
202
161
100
223
286
226
159
417
360
431
133
270
188
47
302
346
249
113
110
52
423
119
230
141
214
272
336
276
30
304
39
120
240
248
386
142
281
274
406
261
82
126
225
130
363
355
