18
17
22
13
23
8
4
6
1
25
19
5
20
14
10
16
3
15
11
7
24
9
12
21
2
392
414
342
164
204
68
176
455
433
183
185
383
325
165
177
327
375
39
118
297
104
354
61
339
114
51
420
427
178
56
161
356
52
344
257
92
202
199
62
308
290
151
247
442
258
446
219
137
292
422
88
228
370
329
376
37
267
64
367
213
72
70
45
481
328
28
270
305
496
338
255
384
191
438
34
326
243
472
252
245
276
307
279
485
418
373
173
482
498
65
378
50
129
406
49
159
491
453
451
84
317
223
58
411
85
158
371
144
380
298
351
141
394
348
235
109
91
86
149
254
229
75
466
171
69
230
429
294
239
320
341
244
273
403
105
30
475
432
98
395
352
303
310
40
447
374
195
271
153
286
122
487
166
389
397
448
212
407
181
336
366
83
492
401
346
409
71
337
486
467
424
42
179
421
434
