8
5
11
20
14
17
3
12
1
21
24
2
18
4
15
9
10
22
6
25
19
13
23
7
16
370
320
396
227
372
257
319
373
243
204
374
437
203
264
248
385
283
421
405
291
214
483
481
189
480
491
228
141
327
59
375
434
411
423
484
168
493
53
417
222
207
300
79
274
488
190
267
157
278
402
282
183
363
401
369
252
312
113
387
330
271
91
131
478
305
119
216
347
88
426
35
76
391
206
246
105
235
265
163
487
428
357
126
456
395
240
394
179
95
420
376
48
419
99
97
473
415
74
60
392
464
94
78
326
148
167
366
37
50
65
382
489
110
71
164
447
301
445
137
165
254
318
194
422
297
197
262
416
453
55
475
468
495
342
205
332
166
210
398
100
379
498
367
249
316
241
68
198
221
454
