20
2
25
11
18
17
7
8
5
23
21
9
6
12
24
4
19
15
13
14
16
22
1
3
10
340
250
159
96
401
489
289
447
59
399
40
361
384
179
271
465
362
272
248
125
324
376
450
458
282
330
92
201
478
195
30
255
262
283
230
57
198
444
479
405
349
339
385
177
294
484
50
451
118
471
222
360
226
449
299
368
215
288
408
286
486
58
84
74
279
488
454
243
180
55
246
395
153
114
164
430
225
253
487
388
314
145
411
387
197
120
310
268
171
82
33
393
365
354
466
107
337
296
27
44
148
191
499
418
341
355
167
480
334
338
216
141
207
63
56
429
108
297
485
453
380
417
140
134
303
