3
10
15
21
19
22
13
6
17
24
16
20
12
7
25
5
14
4
11
9
18
8
23
2
1
420
500
134
57
137
350
230
145
243
276
463
56
363
367
305
188
317
219
73
339
100
140
104
474
499
174
441
132
329
312
157
472
186
304
139
235
123
83
418
146
167
389
377
388
181
357
308
293
94
438
359
223
229
190
466
427
28
34
307
442
371
79
351
469
161
361
429
483
352
347
290
46
379
38
334
314
256
341
149
494
76
209
208
29
222
237
131
194
413
232
450
52
236
277
315
250
107
130
150
370
301
439
129
368
324
478
338
385
419
93
477
328
456
70
423
464
265
283
447
468
183
476
136
433
163
95
122
205
491
335
135
99
425
471
264
90
156
206
313
128
310
105
165
354
366
496
226
259
162
160
349
281
421
187
492
179
321
268
402
432
395
65
48
330
353
26
227
443
279
372
98
378
311
154
343
