22
24
18
14
23
25
20
7
16
10
15
21
1
17
3
11
8
19
9
4
13
6
12
5
2
500
80
178
185
262
372
355
401
210
335
415
232
158
257
449
267
140
111
47
366
400
72
327
118
165
362
225
159
59
137
275
142
161
28
153
113
330
443
108
39
358
117
294
437
27
454
105
100
337
268
348
334
43
195
63
295
40
446
191
95
238
141
331
451
145
66
374
332
121
305
154
139
97
453
188
353
499
356
329
224
429
343
387
371
112
134
181
428
413
150
436
468
123
320
308
349
183
131
471
418
498
46
60
333
110
393
208
114
423
301
444
217
230
496
87
314
479
288
174
307
136
176
279
304
116
207
354
369
99
249
481
417
211
61
322
214
306
426
71
309
248
187
216
297
239
48
350
202
233
49
494
209
258
79
68
310
298
382
464
326
488
245
169
205
425
76
431
457
74
90
474
201
339
289
277
