9
10
7
8
15
17
18
13
14
1
22
16
3
25
23
5
20
12
11
4
6
19
21
2
24
269
141
352
179
217
279
214
296
228
377
441
41
322
152
378
64
262
50
28
316
297
452
478
394
351
471
380
383
150
421
32
153
188
485
159
412
174
374
131
161
115
251
209
299
361
400
492
431
309
39
177
227
124
218
469
51
418
470
311
486
466
349
93
31
33
204
173
197
398
54
344
56
267
417
71
343
491
484
97
44
436
379
40
114
430
165
408
203
462
307
457
348
468
472
331
288
364
135
70
143
63
420
474
371
136
315
236
449
92
317
95
65
116
43
48
231
154
451
321
239
101
281
27
345
362
148
410
162
327
207
67
370
230
167
157
277
360
461
276
358
272
405
59
275
191
387
187
483
375
221
76
234
456
145
355
391
338
168
333
243
250
55
341
298
330
395
285
260
368
49
389
440
72
328
82
