9
19
23
2
16
21
15
3
10
24
4
22
1
6
11
5
20
7
12
13
8
17
18
14
25
30
391
371
77
479
91
438
497
60
477
379
350
201
205
167
462
492
434
195
282
399
470
138
435
187
382
466
488
362
108
334
388
287
242
198
489
377
254
436
310
365
218
28
304
56
181
240
367
422
276
456
96
323
206
230
333
157
177
229
339
120
189
163
487
423
159
432
133
451
31
100
394
475
363
49
85
54
400
418
170
173
281
458
421
381
472
372
86
454
69
270
81
215
332
112
155
89
73
415
306
124
445
262
308
360
326
369
416
405
221
300
82
289
264
285
87
162
320
465
67
66
459
139
61
102
219
274
307
127
396
35
279
390
251
72
330
419
186
213
249
430
292
288
113
259
469
349
115
290
46
166
104
407
318
420
111
278
275
461
327
329
136
88
401
149
148
197
384
123
44
255
446
176
387
280
