12
13
2
14
25
11
1
3
10
6
22
4
20
9
7
24
16
21
19
15
5
17
23
18
8
247
328
488
49
494
162
383
174
333
303
286
296
150
102
43
251
121
392
142
355
223
179
293
58
311
70
75
343
183
65
181
364
302
153
308
407
461
400
160
410
322
476
133
134
418
350
74
235
442
324
489
405
185
54
95
299
267
480
315
411
366
426
205
430
297
53
404
146
381
257
154
397
262
115
337
266
104
73
295
114
222
178
112
369
473
478
284
55
264
451
390
485
470
248
372
41
280
241
132
59
196
384
32
186
261
458
217
27
346
449
198
197
244
176
439
215
192
219
207
93
456
279
377
285
416
448
106
447
87
305
275
83
209
35
191
486
378
90
190
341
321
352
421
301
184
204
188
89
193
263
