23
16
6
19
18
4
2
1
11
25
22
8
12
10
24
3
13
14
5
7
21
15
20
17
9
283
351
418
339
73
193
107
208
128
226
180
396
264
104
123
356
236
68
449
495
154
41
203
250
58
145
304
149
320
413
99
398
375
181
258
205
483
424
330
158
225
141
197
237
359
421
182
49
403
71
395
303
319
38
388
498
266
444
397
267
484
129
420
59
162
209
67
425
216
57
69
39
446
192
153
207
328
260
343
313
453
285
393
121
111
37
355
419
247
372
234
348
199
415
66
431
344
364
179
233
221
94
334
103
312
486
62
323
491
242
376
195
278
311
116
458
184
354
465
399
439
378
170
156
60
416
381
353
241
64
244
318
430
279
335
310
175
229
366
462
188
77
362
100
150
248
291
29
190
409
