24
14
20
22
23
18
3
25
17
16
4
21
7
1
15
19
8
10
13
6
11
12
5
9
2
80
210
355
158
400
117
113
500
332
327
112
39
298
267
275
74
49
47
46
72
372
108
337
415
153
257
195
330
449
137
165
393
268
369
143
331
90
48
97
141
295
27
304
496
262
451
362
95
374
178
232
303
110
136
140
169
118
230
335
238
76
66
68
418
472
428
371
444
453
334
305
429
99
160
139
354
185
437
375
481
159
116
333
100
209
181
308
60
93
111
71
142
225
211
277
387
446
105
320
202
213
121
358
191
224
454
348
114
201
468
499
217
366
187
145
28
423
349
443
59
422
107
184
480
176
353
231
482
248
380
188
161
208
229
258
245
227
339
356
409
343
309
464
205
329
322
155
391
479
123
315
294
134
457
126
151
131
407
310
265
40
436
314
426
247
458
179
270
301
299
401
427
402
286
471
