15
8
24
9
7
19
1
6
17
13
23
10
14
16
3
2
25
4
12
21
5
11
22
18
20
170
428
364
276
234
159
414
46
323
308
193
42
260
492
194
84
191
288
78
38
369
140
366
49
65
294
73
295
158
377
235
286
220
231
265
178
270
232
465
486
148
226
311
363
385
269
491
119
32
64
496
430
56
272
66
225
60
205
222
356
299
143
227
81
238
466
154
253
174
150
82
142
80
252
67
472
91
166
169
133
365
218
243
398
324
179
124
473
268
100
186
113
47
297
431
162
296
258
344
482
244
403
164
237
97
284
130
359
274
314
386
121
282
229
371
325
419
264
111
341
206
30
358
184
187
354
289
69
28
346
160
219
57
462
339
271
195
475
301
74
439
404
326
213
145
384
474
53
336
320
