17
2
20
24
6
4
12
23
3
21
11
10
19
25
8
5
7
9
22
18
16
15
1
14
13
230
340
139
377
43
276
486
53
221
306
165
352
441
161
35
379
99
129
67
248
435
38
176
426
196
151
137
118
57
462
323
95
489
365
434
482
228
421
343
291
152
350
299
211
471
224
167
261
398
412
367
242
96
418
222
183
206
94
133
298
234
29
205
90
140
256
454
201
283
305
37
314
102
280
197
406
442
419
353
180
198
68
360
376
241
169
106
101
423
495
97
388
265
119
36
45
311
321
171
142
135
445
328
455
356
313
86
282
339
409
30
120
390
75
125
300
82
199
28
227
493
217
164
190
65
