18
13
17
23
8
22
4
25
6
20
1
14
10
11
19
5
16
15
3
9
7
12
24
21
2
392
164
433
297
177
342
61
176
455
185
68
64
383
414
422
427
375
308
62
51
204
219
183
327
165
329
202
199
339
228
92
376
104
88
344
370
257
34
114
328
354
118
159
137
173
56
356
267
466
144
279
151
446
58
258
37
230
247
307
39
481
72
298
351
65
84
373
243
378
442
91
326
28
191
52
325
245
161
276
367
50
418
86
498
270
401
273
453
352
292
406
213
338
235
178
141
252
380
290
49
129
384
239
310
371
438
85
485
70
389
223
254
451
420
411
394
403
158
472
75
348
45
181
122
294
317
229
71
374
286
482
424
40
434
255
244
69
416
412
465
109
491
189
320
172
450
171
486
303
166
