7
15
11
24
25
13
6
16
22
9
14
4
20
8
18
1
21
23
3
12
19
10
2
5
17
307
279
302
190
375
69
379
348
414
286
471
317
110
236
235
258
364
217
81
420
214
434
299
327
335
292
433
296
352
454
47
447
158
462
343
52
95
227
195
366
193
240
127
237
107
325
36
393
226
89
203
120
274
301
394
451
353
303
30
147
312
230
182
74
234
194
306
260
323
247
340
186
357
168
32
129
86
372
87
241
200
70
273
395
229
201
161
262
209
100
490
50
63
170
400
187
474
295
406
220
101
253
255
134
103
388
403
125
212
151
443
204
269
347
138
444
448
280
390
344
65
408
436
117
232
