22
7
13
3
12
5
14
6
4
20
10
23
17
1
16
11
15
19
21
9
8
25
24
2
18
44
79
378
344
488
252
391
116
119
112
147
305
85
495
75
498
350
225
467
139
331
362
30
402
196
292
279
313
404
433
361
273
94
261
103
207
43
100
413
59
214
146
437
489
351
472
115
287
400
460
399
473
111
249
203
436
161
299
323
107
282
265
164
341
215
159
144
136
389
106
381
374
289
137
274
128
134
315
141
241
342
253
76
375
244
220
280
53
187
81
411
70
86
35
36
333
270
397
55
278
343
326
414
324
229
446
88
163
390
461
327
118
114
183
281
272
39
74
352
487
49
409
296
271
451
