10
13
20
15
3
21
16
17
24
11
22
19
18
4
7
6
14
2
5
8
12
23
1
25
9
328
420
500
104
190
312
367
140
243
123
57
34
350
377
230
276
134
370
413
149
137
129
441
371
304
463
256
186
483
125
329
277
368
464
185
447
357
183
188
442
338
90
132
351
139
359
408
107
56
223
259
419
93
232
26
236
469
378
423
76
388
466
83
131
141
128
293
28
151
40
227
330
122
147
297
311
99
146
145
270
335
205
112
450
288
307
347
52
169
290
98
492
346
339
356
274
135
154
167
265
181
361
46
301
496
476
48
150
252
79
283
219
100
305
313
409
255
161
439
162
314
202
474
117
494
237
427
194
67
349
429
418
310
73
354
438
369
491
352
163
174
269
324
171
308
175
157
249
433
443
334
209
214
393
358
488
391
424
415
341
136
264
235
110
428
120
253
193
374
250
471
124
109
42
198
