18
4
22
13
8
6
17
23
16
25
5
20
10
1
14
11
15
19
3
12
24
9
7
21
2
392
308
342
123
164
297
185
191
446
247
165
61
414
327
455
183
202
52
199
92
88
137
325
427
344
375
45
118
178
292
39
176
104
433
383
442
204
373
356
173
129
161
339
228
62
177
453
273
244
239
279
384
298
407
50
235
68
328
213
35
451
159
151
329
51
393
348
72
370
307
144
303
219
158
114
448
28
354
438
229
122
69
276
64
346
376
254
466
33
34
258
270
56
310
98
271
367
351
305
257
30
234
450
294
374
267
336
482
277
223
326
40
252
481
406
172
141
412
463
37
109
181
58
153
85
132
497
498
422
416
42
485
49
86
418
245
186
458
492
338
352
71
54
281
424
115
403
372
337
366
154
100
314
295
286
243
263
420
147
477
320
487
44
309
317
59
179
394
475
274
67
465
143
175
41
