18
13
6
4
10
5
22
20
17
14
25
23
9
1
3
16
8
11
15
24
19
7
2
21
12
414
308
91
297
341
392
433
472
448
177
183
327
446
451
427
52
455
165
185
164
393
219
92
247
65
88
118
61
72
137
51
98
279
371
342
173
176
39
35
270
62
376
202
378
375
114
132
407
49
271
171
213
412
199
250
100
267
328
129
290
463
68
258
86
336
70
244
367
235
344
204
104
298
473
123
497
33
374
144
245
50
450
203
254
329
105
421
356
239
71
230
45
37
273
28
438
373
178
422
498
141
351
159
30
453
338
442
389
84
243
85
384
303
286
181
122
380
482
214
99
161
305
486
491
64
281
481
354
429
292
83
228
229
454
56
325
330
370
385
432
466
320
326
310
353
151
34
339
191
420
475
252
416
496
211
69
394
146
226
234
157
337
251
363
82
372
266
115
485
275
346
140
415
397
179
