7
17
5
25
10
8
20
9
4
23
19
12
11
15
13
16
6
22
2
1
3
18
14
24
21
328
108
68
87
455
233
273
413
355
150
118
404
496
133
103
218
99
448
453
445
237
324
226
47
450
391
482
316
161
289
70
470
257
41
398
481
349
176
393
208
353
127
435
408
425
477
96
106
326
253
375
128
436
69
407
178
98
364
388
190
140
400
434
112
468
499
469
52
500
194
129
67
88
36
183
406
463
200
334
145
234
288
333
227
72
359
340
81
260
62
446
44
291
204
35
138
148
187
136
399
389
189
84
485
28
184
377
180
97
232
173
247
305
48
431
301
347
142
489
309
212
61
457
276
201
