7
3
24
14
20
15
1
22
18
8
16
25
17
12
4
13
23
9
5
21
11
10
19
2
6
157
326
220
306
152
76
448
435
53
187
321
56
137
74
267
277
158
223
302
209
327
170
423
29
130
190
406
328
241
341
214
465
181
403
136
497
84
283
128
91
185
175
493
384
46
242
385
47
369
49
482
304
112
205
351
165
150
457
336
461
68
432
386
98
354
320
419
395
103
57
218
458
163
244
114
412
389
61
345
338
215
299
113
498
58
271
28
93
344
90
422
429
198
370
445
279
236
475
140
83
160
359
330
280
392
414
40
201
342
272
402
85
148
410
399
124
352
417
286
186
44
459
118
169
335
