10
14
25
12
21
11
9
2
13
7
20
5
16
1
15
23
4
24
8
18
17
3
22
6
19
184
445
100
61
230
397
168
219
315
451
306
442
45
154
463
56
239
92
167
492
258
421
172
63
392
185
75
441
296
289
158
500
225
135
250
77
425
69
298
161
307
402
170
278
99
34
348
377
275
340
379
79
44
365
386
301
499
464
202
55
186
244
128
196
208
414
468
93
435
400
490
358
200
327
347
479
31
311
351
411
385
314
280
123
407
40
203
222
330
331
273
206
300
336
189
60
139
268
354
308
201
393
355
472
175
27
290
122
83
418
482
191
59
39
215
498
326
182
26
424
120
53
54
106
165
