13
12
2
25
14
11
1
3
6
22
10
7
9
20
4
24
16
19
21
5
17
18
23
15
8
488
247
65
162
494
174
150
223
153
142
328
293
251
75
383
296
262
392
58
275
70
183
181
49
179
390
449
303
324
286
461
160
280
43
405
426
121
489
381
133
74
321
476
322
302
261
295
32
315
54
267
53
373
241
377
410
350
95
204
264
185
102
407
343
132
400
198
205
333
470
355
266
308
93
235
357
311
365
347
27
430
301
486
439
297
89
456
299
191
154
41
35
473
170
115
384
332
192
447
203
188
189
146
250
352
448
123
442
418
47
114
284
404
178
219
120
397
478
217
63
103
190
451
180
320
57
361
240
83
366
372
119
364
369
234
244
87
491
187
480
389
346
226
98
342
290
176
490
112
279
184
263
330
341
378
458
218
248
45
222
412
340
417
460
337
209
318
257
416
274
134
101
48
464
497
