11
2
15
16
23
8
5
22
24
7
12
3
6
19
17
25
21
1
10
4
18
13
14
9
20
205
251
433
191
277
30
387
499
141
304
435
308
56
99
162
485
262
237
460
314
200
271
419
279
360
286
224
100
414
250
211
54
101
227
126
374
69
449
34
84
252
29
229
148
480
305
495
46
450
184
228
408
275
301
167
187
333
394
143
63
288
241
82
272
289
202
481
173
146
276
397
312
295
345
28
214
375
144
298
280
235
243
204
160
444
368
234
106
494
487
189
470
210
316
255
443
268
427
456
185
217
128
188
390
378
83
181
108
156
102
52
348
226
129
182
136
425
208
55
199
150
317
498
364
297
