1
21
19
9
6
7
16
18
2
20
12
15
10
17
22
4
24
11
14
3
13
5
23
8
25
214
423
31
414
213
149
426
308
459
425
231
246
147
143
98
311
107
456
53
412
303
221
227
323
454
72
452
473
237
55
435
401
30
110
472
250
48
405
481
183
220
38
93
448
242
126
331
254
116
206
161
416
498
263
419
80
151
75
385
104
45
256
369
335
434
366
314
51
40
150
480
496
111
309
301
197
172
322
482
191
69
185
399
443
71
460
212
495
144
179
451
449
26
475
82
245
187
264
393
67
394
354
109
341
484
178
136
50
468
439
90
403
324
433
47
91
259
78
359
181
60
338
52
35
236
