8
11
2
5
16
15
24
22
23
3
21
17
12
7
4
25
19
18
10
1
6
13
9
20
14
499
205
251
495
191
435
414
349
351
202
272
450
360
211
54
276
279
298
204
470
219
173
84
143
308
252
81
108
224
374
286
68
420
201
368
480
227
128
460
305
56
126
487
30
83
89
301
498
277
181
229
125
29
46
187
123
102
240
318
384
241
433
419
268
237
394
200
490
288
190
93
350
184
99
314
207
265
106
456
271
162
340
82
427
217
366
295
255
228
186
214
167
367
444
390
275
452
471
129
122
34
262
130
156
26
345
76
445
210
481
477
449
397
141
316
312
244
304
100
160
148
243
180
425
336
260
459
153
494
101
203
234
497
355
28
310
289
278
439
257
476
306
475
358
485
347
199
461
385
376
